14 1 9 2 3 8 19 13 14 15 24 20 28 25 29
14 0 1 4 5 6 7 14 15 22 23 24 25 28 29
14 1 2 3 13 8 9 14 15 19 20 24 25 28 29
14 0 7 3 4 8 19 12 13 18 27 23 24 25 26
14 0 1 2 11 9 10 12 23 15 16 24 25 26 27
14 1 2 3 13 11 12 14 15 22 23 24 25 28 29
14 2 3 4 5 6 17 13 14 18 27 19 20 28 29
14 0 4 1 9 5 14 10 21 15 16 20 28 26 27
14 1 9 2 3 8 19 10 11 20 28 21 22 25 29
14 2 3 4 5 6 17 13 14 15 24 16 26 25 29
14 0 1 4 5 9 10 14 15 16 26 20 21 27 28
14 0 4 1 9 7 8 10 21 18 19 20 28 26 27
14 0 7 1 2 6 17 8 9 18 27 19 20 28 29
14 1 2 3 13 11 12 14 15 16 26 17 18 27 28
14 2 11 3 4 10 21 12 13 22 29 23 24 25 26
14 0 7 1 2 6 17 8 9 15 24 16 26 25 29
14 0 4 1 9 7 8 10 21 22 29 23 24 25 26
14 0 7 3 4 5 6 8 19 16 17 18 27 25 26
14 0 7 1 2 6 17 11 12 18 27 22 23 28 29
14 0 4 3 13 5 14 12 23 15 16 24 25 26 27
14 0 7 3 4 5 6 8 19 20 28 21 22 25 29
14 2 11 3 4 10 21 12 13 18 19 20 28 26 27
14 0 4 3 13 7 8 12 23 18 19 24 25 26 27
14 2 3 4 5 6 17 10 11 16 26 21 22 25 29
14 1 9 2 3 8 19 10 11 16 17 18 27 25 26
14 0 1 2 11 6 7 12 23 17 18 22 29 27 28
14 0 4 3 13 5 14 12 23 20 21 22 29 27 28
14 0 1 2 11 9 10 12 23 20 21 22 29 27 28
14 0 1 4 5 6 7 14 15 16 26 17 18 27 28
14 2 11 3 4 5 6 10 21 16 17 22 29 25 26
14 0 1 4 5 6 7 14 15 16 26 17 18 27 28
14 4 5 6 17 10 21 18 27 19 20 22 23 28 29
14 3 13 8 19 12 23 17 18 20 21 22 29 27 28
14 0 7 1 2 6 17 8 9 10 21 11 12 16 26
14 0 1 4 5 9 10 14 24 15 16 20 21 22 23
14 5 15 6 7 11 12 13 14 22 23 24 25 28 29
14 0 7 3 13 4 5 6 17 8 19 12 23 18 27
14 0 1 4 5 6 7 14 15 22 23 24 25 28 29
14 0 1 2 11 6 7 8 19 9 10 12 23 24 25
14 1 2 3 13 8 9 14 24 15 16 17 18 19 20
14 1 2 3 13 8 9 14 15 19 20 24 25 28 29
14 2 11 6 17 10 21 12 23 16 26 22 29 24 25
14 5 15 9 10 11 12 13 14 16 26 20 21 27 28
14 0 1 4 5 6 7 14 24 15 16 17 18 22 23
14 2 11 3 13 4 5 6 17 10 21 12 23 22 29
14 5 15 6 7 8 9 13 14 19 20 24 25 28 29
14 5 15 6 7 11 12 13 14 16 26 17 18 27 28
14 0 7 6 17 8 19 12 23 16 26 18 27 24 25
14 0 1 4 5 9 10 14 15 16 26 20 21 27 28
14 1 2 3 13 11 12 14 24 15 16 17 18 22 23
14 1 2 3 13 11 12 14 15 22 23 24 25 28 29
14 1 2 3 13 11 12 14 15 16 26 17 18 27 28
14 0 1 2 11 3 4 5 16 6 7 12 23 24 29
14 0 1 2 11 6 7 8 9 10 22 17 18 26 27
14 0 1 2 11 3 14 4 5 9 10 21 22 28 29
14 0 1 4 5 6 7 8 20 9 10 15 16 25 26
14 1 2 3 14 11 12 13 25 18 19 23 24 28 29
14 2 11 6 18 10 22 12 13 17 27 23 24 25 26
14 5 16 9 10 11 12 17 27 21 22 23 24 28 29
14 0 1 2 11 3 14 4 5 6 7 18 19 28 29
14 0 7 6 18 8 20 12 13 17 27 19 28 25 26
14 5 16 6 7 11 12 17 27 18 19 23 24 28 29
14 4 5 6 18 10 22 15 16 17 27 23 24 25 26
14 0 1 4 5 6 18 7 8 9 10 22 23 24 25
14 0 4 3 14 5 16 15 26 17 27 21 22 28 29
14 0 1 2 3 4 5 9 10 11 12 16 17 27 28
14 1 9 8 20 10 22 15 16 21 29 23 24 25 26
14 0 1 2 11 6 7 8 20 9 10 12 13 25 26
