2 25 31
2 6 17
2 17 19
2 23 31
2 21 31
2 0 6
2 19 21
2 6 14
2 10 19
2 17 31
2 12 21
2 19 31
2 12 21
2 8 19
2 10 19
2 8 19
2 12 21
2 12 21
2 25 31
2 25 31
2 6 17
2 12 21
2 6 17
2 19 31
2 23 31
2 17 31
2 0 14
2 0 8
2 6 8
2 10 12
2 8 17
2 8 17
2 0 14
2 0 14
2 0 10
2 23 25
2 0 14
2 23 25
2 10 21
2 8 10
2 21 23
2 23 25
2 0 6
2 19 21
2 8 10
2 12 23
2 14 25
2 0 6
2 8 10
2 6 17
2 14 25
2 0 10
2 17 25
2 0 10
2 0 12
2 12 14
2 23 25
2 8 17
2 8 17
2 19 21
2 12 14
2 17 31
2 0 12
2 14 25
2 6 25
2 6 25
2 12 14
2 6 17
2 10 19
2 17 31
2 21 31
2 21 23
2 6 8
2 6 8
2 8 10
2 10 12
2 12 14
2 0 8
2 12 14
2 17 31
2 10 19
2 23 25
2 12 21
2 14 25
2 0 12
2 6 14
2 10 21
2 21 23
2 23 25
2 25 31
2 25 31
2 0 12
2 6 14
2 0 10
2 6 14
2 8 10
2 8 10
2 12 14
2 8 17
2 23 31
2 8 19
2 23 31
2 23 31
2 10 21
2 12 14
2 8 17
2 10 19
2 0 12
2 6 25
2 6 25
2 6 25
2 6 14
2 10 21
2 6 25
2 17 31
2 17 31
2 17 31
2 12 21
2 19 21
2 17 25
2 10 19
2 0 10
2 0 14
2 23 31
2 10 19
2 0 12
2 8 19
2 8 10
2 8 10
2 0 10
2 10 12
2 8 19
2 8 19
2 10 19
2 0 8
2 6 25
2 21 31
2 17 19
2 0 14
2 17 19
2 21 23
2 14 25
2 0 14
2 0 14
2 17 31
2 14 23
2 19 21
2 14 23
2 6 8
2 17 19
2 10 12
2 17 19
2 21 31
2 0 8
2 6 8
2 6 14
2 12 14
2 10 21
2 17 31
2 23 31
2 14 23
2 14 23
2 6 14
2 21 31
2 21 31
2 23 25
2 6 17
2 6 25
2 6 25
2 6 17
2 12 14
2 23 31
2 8 19
2 6 8
2 6 8
2 6 14
2 0 6
2 0 12
2 12 23
2 8 17
2 0 6
2 12 14
2 0 8
2 23 31
2 10 21
2 0 12
2 6 8
2 8 10
2 0 6
2 25 31
2 10 21
2 12 23
2 17 31
2 25 31
2 23 31
2 10 21
2 17 25
2 10 21
2 10 21
2 0 12
2 12 14
2 12 23
2 8 19
2 17 31
2 8 19
2 25 31
2 23 25
2 10 21
2 0 10
2 10 21
2 12 14
2 0 6
2 23 31
2 10 12
2 0 10
2 10 21
2 14 23
2 14 25
2 0 14
2 12 23
2 0 6
2 0 10
2 14 25
2 6 8
2 8 10
2 6 14
2 8 19
2 0 6
2 8 19
2 12 21
2 12 21
2 17 25
2 0 8
2 0 8
2 14 25
2 23 31
2 10 19
2 8 19
2 0 6
2 17 19
2 14 23
2 19 31
2 0 12
2 0 6
2 0 6
2 6 17
2 10 12
2 8 10
2 0 8
2 6 17
2 0 14
2 19 31
2 17 31
2 6 25
2 17 25
2 6 8
2 10 19
2 12 21
2 12 14
2 14 25
2 0 6
2 0 6
2 19 31
2 17 19
2 25 31
2 19 31
2 14 23
2 0 12
2 17 25
2 25 31
2 23 25
2 25 31
2 25 31
2 0 6
2 6 8
2 12 23
2 21 23
2 19 31
2 10 21
2 10 19
2 0 14
2 0 6
2 19 21
2 21 31
2 10 21
2 0 8
2 21 31
2 0 10
2 8 10
2 0 6
2 17 31
2 12 21
2 0 14
2 12 21
2 21 23
2 0 6
2 19 21
2 12 23
2 0 6
2 0 12
2 19 21
2 14 23
2 6 25
2 6 8
2 8 17
2 12 23
2 0 10
2 19 31
2 21 31
2 6 14
2 0 6
2 19 31
2 10 19
2 14 25
2 0 12
2 0 14
2 8 17
2 8 19
2 8 10
2 25 31
2 12 14
2 10 12
2 6 25
2 14 23
2 17 31
2 10 12
2 12 14
2 21 31
2 6 25
2 0 12
2 8 19
2 19 31
2 10 12
2 19 31
2 19 21
2 8 17
2 17 31
2 12 23
2 17 19
2 23 31
2 0 6
2 8 19
2 10 21
2 6 8
2 6 8
2 17 19
2 8 10
2 10 12
2 10 12
2 14 25
2 6 17
2 8 19
2 0 6
2 8 19
2 23 25
2 0 14
2 0 10
2 19 31
2 6 17
2 12 21
2 6 17
2 23 25
2 12 23
2 8 17
2 19 21
2 12 23
2 14 23
2 10 21
2 14 25
2 14 23
2 10 19
2 6 25
2 25 31
2 10 21
2 19 31
2 12 21
2 14 23
2 12 23
2 6 8
2 10 21
2 14 23
2 21 23
2 6 17
2 6 8
2 6 8
2 10 19
2 0 12
2 23 31
2 17 25
2 12 21
2 17 25
2 10 21
2 14 25
2 12 23
2 0 8
2 19 21
2 10 19
2 8 17
2 17 25
2 21 31
2 14 25
2 14 25
2 14 25
2 17 25
2 14 25
2 12 21
2 8 19
2 14 23
2 25 31
2 19 31
2 21 23
2 17 25
2 21 23
2 23 25
2 0 14
2 14 25
2 10 19
2 12 14
2 14 23
2 21 31
2 19 21
2 8 17
2 6 14
2 6 17
2 0 14
2 6 17
2 6 17
2 0 10
2 19 31
2 10 21
2 17 19
2 17 31
2 6 17
2 21 31
2 6 25
2 12 14
2 17 19
2 10 21
2 19 21
2 14 23
2 0 12
2 0 8
2 17 25
2 12 23
2 14 23
2 21 23
2 8 17
2 14 25
2 0 12
2 14 23
2 14 23
2 19 21
2 17 25
2 10 12
2 19 21
2 10 19
2 0 8
2 14 25
2 21 23
2 17 19
2 0 8
2 8 10
2 12 23
2 0 8
2 0 14
2 12 23
2 25 31
2 21 31
2 0 10
2 17 19
2 0 14
2 0 12
2 6 17
2 23 31
2 6 25
2 17 31
2 17 19
2 8 17
2 10 12
2 0 8
2 17 25
2 10 12
2 8 17
2 21 23
2 0 12
2 0 12
2 25 31
2 23 25
2 0 12
2 0 10
2 8 10
2 6 25
2 17 31
2 10 12
2 0 10
2 12 23
2 6 8
2 17 19
2 8 17
2 23 31
2 6 25
2 0 8
2 12 21
2 19 31
2 8 17
2 0 10
2 21 23
2 6 17
2 0 14
2 21 31
2 17 25
2 10 19
2 0 8
2 0 14
2 0 8
2 8 10
2 23 25
2 6 14
2 0 8
2 10 12
2 12 14
2 12 21
2 23 25
2 14 23
2 8 17
2 17 31
2 8 17
2 8 10
2 21 31
2 12 23
2 25 31
2 17 31
2 0 10
2 10 19
2 8 10
2 19 21
2 6 17
2 25 31
2 6 25
2 17 19
2 23 31
2 8 19
2 0 10
2 6 14
2 8 17
2 6 8
2 8 10
2 25 31
2 21 31
2 17 31
2 17 25
2 0 10
2 8 10
2 0 12
2 21 23
2 6 14
2 0 8
2 8 19
2 6 14
2 19 31
2 0 10
2 12 23
2 21 31
2 8 10
2 12 21
2 6 8
2 23 25
2 12 23
2 12 14
2 14 23
2 8 19
2 23 31
2 6 25
2 0 10
2 21 23
2 17 19
2 0 14
2 0 14
2 6 8
2 19 21
2 6 25
2 17 19
2 12 21
2 23 31
2 23 31
2 10 12
2 6 14
2 0 8
2 0 8
2 10 12
2 10 12
2 12 14
2 19 31
2 21 23
2 25 31
2 23 25
2 10 12
2 19 31
2 21 31
2 12 14
2 12 21
2 10 19
2 12 23
2 10 19
2 10 12
2 19 31
2 25 31
2 6 17
2 23 25
2 19 31
2 6 25
2 23 31
2 10 19
2 21 23
2 12 23
2 21 31
2 10 12
2 17 25
2 17 25
2 19 21
2 8 17
2 21 31
2 6 14
2 21 31
2 8 19
2 14 25
2 21 23
2 17 19
2 14 23
2 23 25
2 12 21
2 23 25
2 19 21
2 17 25
2 21 23
2 23 25
2 6 8
2 21 23
2 17 19
2 12 14
2 21 23
2 17 19
2 6 14
2 14 25
2 23 25
2 17 25
2 17 25
2 6 14
2 19 31
2 6 14
2 19 21
2 19 21
2 6 14
2 19 21
2 17 25
2 21 23
2 23 31
2 6 17
2 6 14
2 17 19
