28 0 8 1 11 2 3 4 5 12 29 13 32 14 15 19 20 33 34 35 52 41 42 43 44 45 46 50 51
28 0 8 1 2 9 25 16 36 20 39 30 47 31 49 37 38 40 41 42 43 48 58 53 54 55 59 56 57
28 10 28 11 12 16 17 18 37 22 23 26 27 29 30 31 49 34 50 35 36 38 39 40 41 42 56 43 44
28 0 1 2 14 3 4 13 32 15 33 22 23 26 27 30 31 34 35 38 39 40 41 42 56 43 44 49 50
28 3 17 9 10 15 16 18 19 20 21 22 23 24 25 26 27 28 29 32 33 36 37 41 42 43 44 45 46
28 4 5 6 7 12 13 18 19 20 21 22 23 24 25 26 27 28 29 32 33 36 37 41 42 43 44 45 46
28 5 19 6 7 8 9 13 14 15 16 17 18 20 21 24 25 30 47 35 36 37 38 39 40 48 58 56 57
28 7 8 11 12 22 41 23 24 29 30 31 49 34 50 35 52 38 53 39 40 42 56 43 44 51 59 54 55
28 0 8 6 7 9 10 15 16 20 21 22 23 24 25 26 27 28 29 32 33 36 37 41 42 43 44 45 46
28 0 4 1 11 5 6 10 28 12 13 18 19 20 21 29 30 35 52 36 37 47 48 51 59 55 56 57 58
28 0 8 1 11 2 14 3 4 5 6 7 24 15 33 16 17 18 19 20 21 36 37 44 45 46 47 48 49
28 7 8 11 12 22 41 23 24 29 30 31 49 34 35 38 39 40 54 46 47 48 58 50 51 52 53 55 59
28 0 1 2 3 4 5 6 21 13 14 15 16 17 18 19 20 30 47 35 36 37 38 39 40 48 58 56 57
28 0 8 1 11 2 14 3 17 4 5 6 21 7 24 9 25 10 28 18 37 19 20 47 48 49 50 51 52
28 0 1 2 14 3 4 13 32 15 33 22 23 26 27 30 31 34 35 38 39 43 44 49 50 51 59 52 53
28 5 19 6 7 8 9 10 11 12 29 20 39 21 22 27 28 34 50 35 52 38 53 45 46 51 59 57 58
28 0 4 1 2 3 17 5 6 13 14 15 16 21 22 23 43 32 33 34 50 35 36 40 41 42 56 57 58
28 0 1 2 14 3 17 4 5 6 21 7 8 9 10 11 12 13 32 24 25 28 29 40 54 50 51 52 53
28 7 8 11 12 16 36 17 18 22 41 23 24 29 30 31 49 37 38 39 40 42 56 43 44 53 54 55 59
28 13 14 15 16 17 18 22 23 26 27 30 47 35 36 37 38 39 40 41 42 43 44 45 46 48 58 56 57
28 0 1 2 14 6 21 10 11 12 13 15 16 20 39 28 29 32 33 34 50 40 54 51 59 55 56 57 58
28 0 4 1 11 2 3 7 8 12 29 22 41 23 24 30 31 38 53 39 40 46 47 48 49 54 55 58 59
28 5 6 7 24 8 9 16 17 21 22 23 43 25 26 27 46 34 50 35 36 44 45 51 59 52 53 57 58
28 0 8 1 11 2 14 3 4 5 19 6 21 7 24 15 33 20 39 38 53 40 54 44 45 46 47 48 49
28 5 6 10 11 12 13 14 15 16 17 18 19 20 21 26 44 31 32 33 34 35 52 36 37 45 57 55 56
28 0 8 1 2 3 4 7 24 9 25 10 11 14 15 26 44 27 28 33 34 35 52 49 50 51 59 55 56
28 0 8 1 2 9 25 16 36 20 39 26 27 30 31 37 38 40 41 42 43 44 45 46 47 48 49 53 54
28 0 1 2 14 6 21 13 32 20 39 26 44 27 46 37 38 40 54 45 57 50 51 52 53 55 56 58 59
28 0 1 2 14 6 21 13 32 15 16 20 39 26 44 27 46 33 34 40 54 45 57 50 51 55 56 58 59
28 0 4 1 11 5 6 10 28 12 29 13 32 18 19 20 21 33 34 39 40 50 51 54 55 56 57 58 59
28 0 1 2 3 4 5 6 7 8 9 16 17 21 22 23 43 24 25 34 50 35 36 51 59 52 53 57 58
28 5 6 7 8 9 10 11 12 19 20 21 22 27 46 28 29 34 35 38 39 45 57 50 51 52 53 58 59
28 0 4 3 17 7 8 15 33 16 36 18 37 22 41 23 24 29 30 31 32 42 43 44 45 46 47 48 49
28 0 4 3 17 7 8 9 10 15 33 16 36 18 37 22 41 23 24 25 26 31 32 42 43 44 45 48 49
28 10 11 12 29 16 36 17 18 22 41 23 43 26 44 27 28 30 31 34 35 37 38 39 40 42 56 49 50
28 5 19 6 7 8 9 10 28 11 12 23 24 25 26 27 46 29 30 31 49 38 53 47 48 54 55 58 59
28 0 4 1 11 10 28 12 13 18 37 29 30 35 36 38 53 39 40 47 48 51 52 54 55 56 57 58 59
28 1 2 3 17 9 25 10 11 12 13 14 15 16 36 18 19 23 24 28 29 32 33 37 38 42 43 53 54
28 3 17 9 10 15 16 18 37 19 20 21 22 23 43 24 25 28 29 32 33 34 50 35 36 41 42 51 52
28 5 19 6 7 8 9 13 14 17 18 20 21 24 25 30 47 31 32 37 38 39 40 52 53 54 55 56 57
28 0 1 2 3 4 5 6 21 10 11 12 13 14 15 19 20 26 44 27 28 29 30 35 52 51 59 55 56
28 7 24 8 9 13 14 15 16 17 18 25 26 27 46 30 47 39 40 44 45 48 58 51 59 54 55 56 57
28 1 11 2 3 12 29 19 20 21 22 23 24 30 31 38 39 40 41 42 43 44 45 46 47 48 49 53 54
28 0 8 3 4 5 6 7 24 15 33 19 20 21 22 23 43 29 30 31 32 41 42 44 45 46 47 48 49
28 5 6 10 11 12 13 14 15 16 17 21 22 23 43 28 29 32 33 34 50 35 36 51 59 52 53 57 58
28 0 8 1 2 3 4 7 24 9 25 22 23 26 27 30 31 34 35 38 39 40 41 42 56 43 44 49 50
28 2 14 3 17 4 5 6 7 12 29 13 32 15 33 16 36 18 37 19 20 21 22 27 28 41 42 45 46
28 7 24 8 9 10 11 12 29 22 23 25 26 27 28 30 31 34 35 38 39 40 41 46 47 48 58 49 50
28 0 1 2 14 3 4 5 19 8 9 13 32 15 33 20 39 25 26 27 46 38 53 40 41 54 55 58 59
28 7 8 9 10 11 12 13 14 15 16 17 18 24 25 26 44 35 52 36 37 45 57 48 58 51 59 55 56
28 0 1 2 14 6 21 13 32 20 39 30 31 37 38 40 54 47 48 49 50 51 59 52 53 55 56 57 58
28 1 2 3 17 9 10 11 12 16 36 18 19 23 24 25 26 27 46 28 29 37 38 42 43 44 45 53 54
28 5 6 10 11 12 13 14 15 16 17 18 19 20 21 28 29 30 47 31 32 33 34 39 40 54 55 56 57
28 0 4 1 11 2 3 7 8 9 10 12 29 22 41 27 28 30 31 34 35 42 56 49 50 51 52 55 59
28 1 11 2 3 9 25 10 28 12 29 16 17 18 19 23 24 34 50 35 36 37 38 42 43 51 52 53 54
28 10 11 12 13 14 15 16 17 18 37 22 41 23 43 26 44 27 28 29 30 35 36 42 56 51 52 55 59
28 0 8 1 2 3 4 7 24 9 25 13 14 17 18 30 47 31 32 37 38 39 40 52 53 54 55 56 57
28 0 1 2 3 4 5 8 9 19 20 25 26 27 46 34 35 38 39 40 41 50 51 52 53 54 55 58 59
28 2 3 4 5 6 7 12 29 13 14 15 33 19 20 21 22 27 28 30 47 31 32 41 42 45 46 48 49
28 7 24 8 9 10 11 12 13 14 15 16 17 18 37 25 26 35 36 44 45 48 58 51 52 55 59 56 57
28 0 1 2 14 3 17 4 5 6 21 10 28 11 12 13 32 29 30 31 49 40 54 47 48 50 51 52 53
28 1 2 3 17 9 10 11 12 16 36 18 37 19 20 21 22 27 28 29 30 31 49 41 42 45 46 47 48
28 0 4 1 2 3 17 5 6 16 36 21 22 23 43 30 31 34 35 47 48 49 50 51 59 52 53 57 58
28 5 19 8 9 13 14 15 33 20 39 25 26 27 46 30 47 31 32 38 53 43 44 45 57 48 49 58 59
28 7 8 9 10 11 12 13 14 15 16 17 18 24 25 28 29 30 47 39 40 48 58 51 59 54 55 56 57
28 2 14 6 7 12 13 15 16 20 21 24 25 26 44 27 46 28 29 32 33 36 37 45 57 55 56 58 59
28 2 3 4 5 6 21 7 24 12 13 14 15 19 20 25 26 31 32 33 34 35 52 44 45 48 49 50 51
28 5 19 6 21 16 36 17 18 20 39 22 23 26 27 30 31 34 35 37 38 43 44 45 57 46 47 52 53
28 0 4 3 17 10 28 18 37 26 27 29 30 31 32 38 39 40 54 44 45 46 47 48 49 50 51 52 53
28 0 8 1 11 2 14 6 7 9 25 10 28 12 29 13 32 15 33 16 36 23 24 37 38 42 43 53 54
28 7 8 9 10 11 12 13 14 15 33 22 41 27 28 29 30 31 32 34 35 42 56 49 50 51 52 55 59
28 0 4 1 2 3 17 16 36 18 37 22 23 26 27 30 31 34 35 38 39 40 41 42 56 43 44 49 50
28 0 8 1 2 3 17 4 5 9 25 13 14 15 33 16 36 30 47 31 32 40 41 42 43 48 49 53 54
28 5 6 10 11 12 29 19 20 21 22 23 43 26 44 27 28 30 31 34 35 38 39 40 41 42 56 49 50
28 0 8 6 7 9 10 15 16 20 21 22 41 23 43 24 25 28 29 32 33 36 37 42 56 55 59 57 58
28 7 24 8 9 13 14 15 33 22 23 25 26 27 46 30 47 31 32 34 35 38 39 40 41 48 58 49 50
28 1 11 2 14 3 17 9 25 10 28 12 29 13 32 15 33 16 36 18 19 23 24 37 38 42 43 53 54
28 0 8 1 2 3 17 4 5 9 25 16 36 30 47 31 49 40 41 42 43 48 58 53 54 55 59 56 57
28 10 11 12 13 14 15 22 23 26 27 28 29 30 31 32 33 34 35 38 39 40 41 42 56 43 44 49 50
28 0 1 2 14 3 17 4 5 6 21 13 32 22 23 26 27 40 54 41 42 43 44 45 46 50 51 52 53
28 0 1 2 3 4 5 6 21 7 8 11 12 19 20 22 41 23 24 29 30 31 49 42 56 43 44 55 59
28 10 11 14 15 16 17 18 37 22 41 23 43 26 44 27 28 33 34 35 36 42 56 49 50 51 52 55 59
28 2 3 4 5 12 29 19 20 25 26 27 28 30 31 38 39 40 41 42 43 44 45 46 47 48 49 53 54
28 0 1 2 14 6 7 8 9 13 32 20 21 24 25 37 38 39 40 50 51 52 53 54 55 56 57 58 59
28 0 8 6 7 9 10 15 16 20 21 24 25 28 29 32 33 34 50 35 52 36 37 51 59 55 56 57 58
28 5 6 13 32 14 15 16 17 18 19 20 21 26 27 30 31 33 34 39 40 44 45 46 47 54 55 56 57
28 0 1 4 5 6 21 10 11 12 13 18 37 19 20 26 44 27 28 29 30 35 36 45 46 47 48 51 52
28 0 8 1 2 3 4 7 24 9 10 11 12 22 23 25 26 31 49 38 39 40 41 48 58 53 54 55 59
28 0 4 1 11 2 14 3 17 7 8 9 25 10 28 18 37 22 41 23 24 42 43 47 48 49 50 51 52
28 0 1 2 3 4 5 6 7 8 9 16 17 21 22 23 43 24 25 34 50 35 36 40 41 42 56 57 58
28 13 14 15 16 17 18 22 23 26 27 30 31 32 33 34 35 36 37 38 39 40 41 42 56 43 44 49 50
28 7 8 9 10 11 12 22 41 27 28 29 30 31 49 34 50 35 52 38 53 39 40 42 56 51 59 54 55
28 2 3 4 5 12 13 14 15 19 20 25 26 27 46 28 29 32 33 41 42 43 44 45 57 55 56 58 59
28 2 3 4 5 6 21 7 24 14 15 19 20 25 26 27 28 33 34 35 52 44 45 46 47 48 49 50 51
28 0 8 1 11 2 14 3 4 5 19 12 29 13 32 15 33 20 39 38 53 40 54 41 42 43 44 45 46
28 0 8 1 2 3 17 4 5 9 25 16 36 30 31 34 35 40 41 42 43 47 48 49 50 51 52 53 54
28 10 11 12 13 14 15 16 17 18 37 22 41 23 43 26 44 35 36 42 56 45 57 48 58 51 52 55 59
28 5 19 6 21 16 36 17 18 20 39 22 23 26 27 30 31 34 35 37 38 40 41 46 47 48 58 49 50
28 0 4 3 17 5 19 6 21 10 28 15 16 18 37 20 39 29 30 35 36 38 53 40 54 47 48 51 52
28 1 11 9 10 12 13 18 19 20 21 22 41 23 24 25 26 27 46 28 29 32 33 36 37 42 43 44 45
28 0 8 1 11 2 14 3 4 7 24 15 33 16 17 18 37 34 50 35 36 44 45 46 47 48 49 51 52
28 0 4 1 11 2 3 5 19 6 7 8 9 10 28 12 29 20 39 21 22 27 46 38 53 45 57 58 59
28 5 6 7 8 9 25 16 17 18 19 23 24 30 47 31 49 34 50 35 36 37 38 42 43 48 58 56 57
28 7 8 9 10 11 12 16 36 17 18 22 41 31 49 37 38 39 40 42 56 45 57 48 58 53 54 55 59
28 0 1 2 14 3 4 10 11 12 13 15 16 17 18 26 44 27 28 29 30 35 52 36 37 51 59 55 56
28 0 8 1 2 3 4 5 6 7 24 9 25 16 17 21 22 23 43 34 50 35 36 51 59 52 53 57 58
28 5 6 10 11 12 13 14 15 16 17 21 22 23 43 28 29 32 33 34 50 35 36 40 41 42 56 57 58
28 0 1 2 3 4 5 6 7 8 9 19 20 21 22 27 46 34 35 38 39 45 57 50 51 52 53 58 59
28 0 8 1 11 4 5 6 21 7 24 9 25 10 28 18 37 19 20 33 34 35 36 47 48 49 50 51 52
28 0 8 3 4 5 19 6 21 7 24 9 10 15 33 20 39 25 26 31 32 38 53 40 54 44 45 48 49
28 0 1 2 14 3 4 5 19 8 9 13 32 15 33 20 39 25 26 27 46 38 53 43 44 45 57 58 59
28 13 14 15 16 17 18 22 41 23 43 26 44 27 46 30 47 35 36 37 38 39 40 42 56 45 57 48 58
28 7 8 9 10 11 12 13 14 15 33 22 41 31 32 38 53 39 40 42 56 45 57 48 49 54 55 58 59
28 0 4 1 11 5 19 6 7 8 9 10 28 18 37 20 21 24 25 33 34 35 36 47 48 49 50 51 52
28 0 8 1 11 2 14 3 4 7 24 15 33 16 36 17 18 37 38 39 40 44 45 46 47 48 49 53 54
28 5 6 16 17 18 19 20 21 22 23 26 27 30 31 34 35 36 37 38 39 43 44 49 50 51 59 52 53
28 0 1 2 3 4 5 6 21 19 20 22 23 26 27 30 31 34 35 38 39 40 41 46 47 48 58 49 50
28 0 1 4 5 6 21 13 32 26 44 27 46 33 34 35 36 40 54 45 57 50 51 52 53 55 56 58 59
28 2 14 3 4 7 24 12 13 15 33 22 23 25 26 31 32 41 42 43 44 45 57 48 49 55 56 58 59
28 5 19 6 21 16 36 17 18 20 39 22 23 26 27 30 31 34 35 37 38 40 41 46 47 52 53 54 55
28 1 11 9 25 10 28 12 29 13 32 18 19 20 21 22 41 23 24 33 34 35 52 36 37 42 43 50 51
28 0 4 1 11 10 28 18 37 33 34 35 36 38 39 40 54 47 48 49 50 51 59 52 53 55 56 57 58
28 0 8 6 21 7 24 9 10 15 16 20 39 25 26 27 46 28 29 32 33 36 37 38 53 40 54 44 45
28 0 4 1 11 2 3 7 8 9 10 12 13 14 15 22 41 27 28 29 30 31 49 32 33 42 56 55 59
28 5 6 7 8 9 25 16 17 18 19 23 24 30 47 31 49 34 50 42 43 48 58 51 59 54 55 56 57
28 2 14 3 4 7 24 15 33 16 36 17 18 25 26 27 28 37 38 39 40 44 45 46 47 48 49 53 54
28 2 3 4 5 6 7 12 29 19 20 21 22 27 28 30 31 41 42 45 57 46 47 48 49 55 56 58 59
28 0 4 1 11 2 3 5 6 10 28 12 29 16 17 18 19 20 39 21 22 23 43 34 50 51 59 57 58
28 5 19 6 7 8 9 20 21 22 23 24 25 26 27 30 31 34 35 38 39 43 44 49 50 51 59 52 53
28 0 8 1 2 3 17 4 5 9 25 16 36 34 35 40 41 42 43 50 51 52 53 54 55 56 57 58 59
28 7 8 9 10 11 12 13 14 17 18 24 25 28 29 30 47 31 32 37 38 39 40 48 58 49 50 56 57
28 0 4 1 2 3 17 10 11 14 15 16 36 18 37 26 44 27 28 33 34 35 52 45 57 46 47 55 56
28 5 19 6 7 8 9 10 11 12 13 14 15 23 24 25 26 27 46 28 29 32 33 38 53 54 55 58 59
28 5 19 6 7 8 9 20 39 21 22 27 46 30 31 34 35 38 53 45 57 47 48 49 50 51 52 58 59
28 7 8 9 25 16 36 17 18 22 41 23 24 26 27 30 31 34 35 37 38 39 40 42 56 43 44 49 50
28 0 4 3 17 10 28 15 16 18 37 26 44 27 46 29 30 35 36 45 57 47 48 51 52 55 56 58 59
28 1 11 2 14 3 17 9 25 10 28 12 29 13 32 15 33 16 36 21 22 23 24 40 41 42 43 53 54
28 5 6 13 14 15 16 17 18 19 20 21 22 23 43 30 47 31 32 33 34 39 40 41 42 54 55 56 57
28 0 8 1 11 2 14 3 4 5 6 7 24 15 33 19 20 21 22 23 43 41 42 44 45 46 47 48 49
28 1 11 9 10 12 29 13 32 18 19 20 21 24 25 26 44 27 28 33 34 35 52 36 37 45 46 50 51
28 1 11 9 10 12 13 18 37 19 20 21 22 23 43 24 25 28 29 32 33 34 50 35 36 41 42 51 52
28 0 4 1 11 2 14 3 17 10 28 18 37 22 41 23 43 42 56 47 48 49 50 51 52 55 59 57 58
28 7 8 9 10 11 12 16 17 18 37 22 41 23 24 25 26 31 49 34 50 35 36 48 58 51 52 55 59
28 0 8 3 4 5 19 6 21 7 24 15 33 20 39 29 30 31 32 38 53 40 54 44 45 46 47 48 49
28 5 19 6 21 10 11 14 15 20 39 26 44 27 28 33 34 35 52 38 53 40 54 49 50 51 59 55 56
28 2 3 4 5 12 29 19 20 25 26 27 28 34 35 38 39 40 54 41 42 43 44 45 46 50 51 52 53
28 1 11 9 10 12 13 18 19 20 39 21 22 23 43 24 25 28 29 32 33 36 37 38 53 40 54 41 42
28 13 14 15 16 17 18 22 41 23 43 26 44 27 46 30 47 39 40 42 56 45 57 48 58 51 59 54 55
28 0 1 2 14 3 4 5 19 6 7 8 9 13 32 15 33 23 24 25 26 27 46 38 53 54 55 58 59
28 4 5 6 7 12 13 18 19 20 21 24 25 26 44 27 46 28 29 32 33 36 37 45 57 55 56 58 59
28 5 6 13 32 14 15 16 17 18 19 23 43 30 31 33 34 35 36 37 38 42 56 47 48 49 50 57 58
28 0 4 1 11 2 3 7 8 14 15 22 41 23 24 33 34 35 52 42 43 44 45 46 47 48 49 50 51
28 5 6 16 17 18 19 23 43 26 44 27 46 30 47 31 49 34 50 42 56 45 57 48 58 51 59 54 55
28 0 1 4 5 6 7 8 9 13 32 18 19 20 21 24 25 33 34 39 40 50 51 54 55 56 57 58 59
28 2 3 4 5 6 7 12 29 16 17 18 19 20 39 21 22 27 28 36 37 38 53 40 54 41 42 45 46
28 10 11 12 13 14 15 22 23 26 44 27 28 29 30 35 52 38 39 40 41 42 43 51 59 53 54 55 56
28 7 8 9 10 11 12 13 14 15 16 17 18 24 25 26 44 27 28 29 30 35 52 36 37 51 59 55 56
28 0 4 1 11 2 3 5 6 10 28 12 29 16 17 18 19 23 43 34 50 35 36 37 38 42 56 57 58
28 1 2 3 17 9 25 13 32 14 15 16 36 18 19 23 24 33 34 35 52 37 38 42 43 50 51 53 54
28 2 14 3 4 5 19 6 7 15 33 20 21 22 41 23 24 25 26 27 28 42 43 44 45 46 47 48 49
28 7 8 11 12 13 14 15 16 17 18 22 41 23 24 29 30 31 49 32 33 36 37 42 56 43 44 55 59
28 1 11 2 14 3 17 9 10 12 29 13 32 15 33 16 36 18 37 19 20 21 22 27 28 41 42 45 46
28 5 19 6 21 13 32 14 15 20 39 22 23 26 27 30 31 33 34 35 52 38 53 43 44 45 57 46 47
28 0 8 3 4 7 24 15 33 16 17 18 37 29 30 31 32 34 50 35 36 44 45 46 47 48 49 51 52
28 0 1 2 14 3 4 13 32 15 16 17 18 26 27 30 31 33 34 39 40 44 45 46 47 54 55 56 57
28 0 4 3 17 7 8 9 10 18 37 24 25 28 29 30 47 31 32 48 58 49 50 51 52 55 59 56 57
28 0 4 1 11 2 3 10 28 12 29 22 23 26 27 30 31 34 35 38 39 40 41 46 47 48 58 49 50
28 0 1 2 3 4 5 6 7 8 9 16 17 18 19 23 43 24 25 34 50 35 36 37 38 42 56 57 58
28 0 4 3 17 5 19 6 21 10 28 18 37 20 39 29 30 31 32 38 53 40 54 47 48 49 50 51 52
28 0 8 1 11 2 3 4 5 12 29 19 20 30 47 31 49 41 42 43 44 45 46 48 58 55 59 56 57
28 5 6 7 8 9 10 11 12 19 20 21 22 27 28 29 30 31 49 38 39 40 41 42 56 53 54 55 59
28 5 19 6 7 8 9 13 14 17 18 20 21 24 25 30 47 31 32 37 38 39 40 48 58 49 50 56 57
28 0 1 2 3 4 5 8 9 16 17 18 19 20 39 25 26 27 46 36 37 38 53 43 44 45 57 58 59
28 0 1 2 14 3 17 4 5 6 21 10 11 18 37 19 20 26 44 27 28 45 46 47 48 49 50 51 52
28 5 19 6 7 8 9 10 11 12 29 16 36 17 18 27 28 37 38 42 56 45 46 53 54 55 59 57 58
28 0 8 1 2 3 4 7 24 11 12 22 23 29 30 31 49 38 39 40 41 42 56 43 44 53 54 55 59
28 0 1 2 3 4 5 6 21 10 11 12 13 14 15 19 20 26 44 31 32 33 34 35 52 45 57 55 56
28 2 3 4 5 12 13 14 15 19 20 25 26 27 28 29 30 31 49 32 33 41 42 43 44 45 46 47 48
28 0 8 1 2 3 4 7 24 9 25 13 14 15 16 17 18 30 47 31 32 33 34 39 40 54 55 56 57
28 0 1 2 3 4 5 6 7 8 9 16 17 18 19 23 43 24 25 34 50 42 56 51 59 54 55 57 58
28 13 32 14 15 16 17 18 37 22 23 26 27 30 31 33 34 35 36 38 39 40 41 46 47 48 58 49 50
28 5 19 6 7 8 9 10 11 14 15 20 21 24 25 26 44 27 28 33 34 35 52 45 57 46 47 55 56
28 1 2 3 17 11 12 16 36 18 37 19 20 21 22 23 24 29 30 31 49 41 42 43 44 45 46 47 48
28 0 4 1 2 3 17 7 8 9 10 11 12 16 36 18 37 22 41 31 49 42 56 45 57 48 58 55 59
28 7 8 9 10 11 12 13 14 15 33 22 41 23 24 25 26 31 32 38 53 39 40 48 49 54 55 58 59
28 4 5 6 7 12 29 13 32 18 19 20 21 24 25 26 44 27 28 33 34 35 52 36 37 45 46 50 51
28 0 8 1 11 2 14 3 4 5 19 6 7 15 33 20 21 22 41 23 24 42 43 44 45 46 47 48 49
28 0 4 1 11 2 3 5 6 10 28 12 29 16 17 21 22 23 43 34 50 35 36 51 59 52 53 57 58
28 5 19 8 9 13 32 14 15 20 39 25 26 27 46 33 34 35 52 38 53 40 41 50 51 54 55 58 59
28 13 14 15 16 17 18 22 41 23 43 26 44 27 46 30 47 31 32 33 34 39 40 42 56 45 57 54 55
28 3 17 9 10 15 16 18 19 20 21 24 25 26 44 27 46 28 29 32 33 36 37 45 57 55 56 58 59
28 10 28 11 12 13 14 15 33 22 23 26 27 29 30 31 32 34 35 38 39 43 44 45 57 46 47 52 53
28 0 4 1 2 3 17 13 14 18 37 22 23 30 47 31 32 38 39 40 41 42 43 48 58 49 50 56 57
28 13 14 15 16 17 18 22 23 26 27 30 47 39 40 41 42 43 44 45 46 48 58 51 59 54 55 56 57
28 0 1 2 14 3 4 13 32 15 33 22 23 26 27 30 31 34 35 38 39 43 44 45 57 46 47 52 53
28 5 6 13 14 17 18 19 20 21 22 23 43 30 47 31 32 37 38 39 40 41 42 52 53 54 55 56 57
28 0 4 3 17 5 19 6 7 8 9 10 28 18 37 20 21 24 25 29 30 31 32 47 48 49 50 51 52
28 0 8 3 4 5 6 7 24 9 10 15 33 16 17 18 19 20 21 25 26 31 32 36 37 44 45 48 49
28 0 4 1 11 2 3 7 8 12 29 22 41 23 24 30 31 34 35 46 47 48 58 49 50 51 52 55 59
28 7 8 9 10 11 12 13 14 15 16 17 18 22 41 23 24 25 26 31 49 32 33 36 37 48 58 55 59
28 7 24 8 9 10 11 14 15 22 23 25 26 27 28 33 34 35 52 41 42 43 44 49 50 51 59 55 56
28 0 8 1 2 3 17 4 5 6 21 7 24 9 25 13 14 30 47 31 32 40 54 48 49 50 51 52 53
28 0 8 1 2 3 4 5 19 6 7 9 10 11 12 20 21 22 41 31 49 42 56 45 57 48 58 55 59
28 13 14 15 16 17 18 22 23 26 27 30 31 32 33 34 35 36 37 38 39 43 44 45 57 46 47 52 53
28 10 11 12 29 13 14 15 16 17 18 26 44 27 28 30 47 35 36 37 38 39 40 45 46 48 58 56 57
28 2 14 6 7 12 13 15 16 20 39 21 22 23 43 24 25 28 29 32 33 36 37 38 53 40 54 41 42
28 0 4 1 11 5 6 10 28 12 13 18 19 20 21 29 30 35 36 37 38 39 40 47 48 51 52 53 54
28 7 8 9 25 10 11 14 15 22 41 23 24 26 44 27 28 33 34 35 52 42 43 49 50 51 59 55 56
28 0 4 1 11 2 3 5 19 6 7 8 9 10 28 12 29 27 46 38 53 42 56 45 57 54 55 58 59
28 0 1 2 14 8 9 13 32 15 33 16 36 20 39 25 26 27 46 37 38 40 41 42 43 44 45 53 54
28 2 14 3 4 5 19 6 7 12 13 15 33 20 21 22 41 23 24 25 26 31 32 42 43 44 45 48 49
28 0 1 2 14 3 4 5 6 13 32 15 33 16 17 18 19 20 39 21 22 23 43 34 50 51 59 57 58
28 0 8 1 11 2 3 4 5 6 21 7 24 14 15 19 20 33 34 35 52 44 45 46 47 48 49 50 51
28 2 3 4 5 12 29 16 36 17 18 19 20 25 26 27 28 37 38 39 40 41 42 43 44 45 46 53 54
28 0 1 2 14 6 7 8 9 13 32 15 33 16 36 23 24 25 26 27 46 37 38 42 43 44 45 53 54
28 5 6 16 17 18 19 20 21 22 23 26 27 30 31 34 35 36 37 38 39 40 41 42 56 43 44 49 50
28 4 5 6 21 7 24 12 13 18 19 20 39 25 26 27 46 28 29 32 33 36 37 38 53 40 54 44 45
28 13 14 15 16 17 18 22 23 26 27 30 31 32 33 34 35 36 37 38 39 43 44 49 50 51 59 52 53
28 3 17 9 25 10 28 15 16 18 19 20 21 22 41 23 24 29 30 31 49 32 33 36 37 42 43 47 48
28 5 19 6 7 8 9 10 11 12 13 14 15 20 39 21 22 27 46 28 29 32 33 38 53 45 57 58 59
28 0 1 4 5 6 21 7 8 9 25 13 32 18 19 20 39 22 41 23 24 33 34 40 54 42 43 50 51
28 0 4 3 17 5 6 10 28 15 16 18 19 20 21 29 30 35 36 37 38 39 40 47 48 51 52 53 54
28 4 5 6 21 7 24 12 13 18 37 19 20 25 26 27 46 28 29 32 33 34 50 35 36 44 45 51 52
28 0 1 2 14 3 4 10 11 12 13 17 18 28 29 30 47 31 32 37 38 39 40 48 58 49 50 56 57
28 2 14 3 4 7 24 15 33 25 26 27 28 34 50 35 52 44 45 46 47 48 49 51 59 55 56 57 58
28 7 8 9 10 11 12 22 41 27 28 29 30 31 49 34 35 38 39 40 54 42 56 50 51 52 53 55 59
28 2 3 4 5 6 21 7 24 12 13 14 15 19 20 25 26 31 49 32 33 44 45 48 58 55 59 56 57
28 5 6 7 8 9 25 16 17 18 19 20 39 21 22 23 24 26 27 34 50 43 44 45 46 51 59 57 58
28 5 19 6 21 13 14 17 18 20 39 22 23 30 47 31 32 37 38 40 41 42 43 48 58 49 50 56 57
28 0 8 1 2 3 4 5 19 6 7 9 25 23 24 26 27 30 31 38 53 46 47 48 49 54 55 58 59
28 0 8 6 7 9 10 15 16 20 21 24 25 28 29 32 33 34 35 36 37 38 39 40 54 50 51 52 53
28 5 6 7 8 9 25 13 32 14 15 16 17 18 19 23 24 33 34 42 43 50 51 54 55 56 57 58 59
28 0 4 1 11 2 3 10 28 12 29 13 14 15 16 17 18 30 47 31 32 33 34 39 40 54 55 56 57
28 10 11 14 15 22 23 26 44 27 28 33 34 35 52 38 39 40 41 42 43 45 57 46 47 53 54 55 56
28 0 4 3 17 7 8 9 10 18 37 24 25 28 29 30 47 31 32 38 39 40 54 48 49 50 51 52 53
28 0 1 4 5 6 21 13 32 22 23 30 31 33 34 35 36 40 41 42 43 47 48 49 50 51 52 53 54
28 0 4 1 11 5 6 10 28 12 29 13 32 18 19 20 39 21 22 23 43 33 34 40 54 41 42 50 51
28 0 4 1 11 2 3 5 6 10 28 12 29 16 17 21 22 23 43 34 50 35 36 40 41 42 56 57 58
28 0 8 6 7 9 25 10 28 15 16 20 21 22 41 23 24 29 30 31 49 32 33 36 37 42 43 47 48
28 0 1 4 5 6 21 13 32 18 19 20 39 22 23 26 27 33 34 40 54 41 42 43 44 45 46 50 51
28 1 11 9 10 12 13 18 19 20 21 24 25 28 29 32 33 34 35 36 37 38 39 40 54 50 51 52 53
28 0 4 1 11 2 3 7 8 9 10 12 13 14 15 22 41 31 49 32 33 42 56 45 57 48 58 55 59
28 5 19 6 7 8 9 10 11 12 13 14 15 20 21 22 41 23 24 25 26 31 49 32 33 48 58 55 59
28 0 8 1 11 4 5 6 21 7 24 9 25 10 28 12 13 18 37 19 20 29 30 35 36 47 48 51 52
28 1 11 2 14 3 17 12 29 13 32 15 33 16 36 18 37 19 20 21 22 23 24 41 42 43 44 45 46
28 13 14 15 16 17 18 22 23 26 27 30 31 32 33 34 35 36 37 38 39 40 41 46 47 52 53 54 55
28 3 17 9 10 15 16 18 19 20 21 22 41 23 43 24 25 28 29 32 33 36 37 42 56 55 59 57 58
28 0 8 1 2 6 7 9 25 13 14 15 16 23 24 32 33 36 37 38 53 42 43 54 55 56 57 58 59
28 0 4 1 11 5 19 6 21 10 28 12 13 18 37 20 39 29 30 35 36 38 53 40 54 47 48 51 52
28 0 4 3 17 5 6 10 28 15 16 18 37 19 20 21 22 23 43 29 30 35 36 41 42 47 48 51 52
28 0 1 4 5 6 21 13 32 30 31 33 34 35 36 40 54 47 48 49 50 51 59 52 53 55 56 57 58
28 0 1 2 3 4 5 6 21 7 8 9 10 11 12 19 20 22 41 31 49 42 56 45 57 48 58 55 59
28 0 8 1 11 2 3 4 5 12 29 19 20 30 31 38 39 40 41 42 43 44 45 46 47 48 49 53 54
28 1 2 3 17 9 10 11 12 16 36 18 37 19 20 21 22 27 46 28 29 41 42 45 57 55 56 58 59
28 5 6 7 8 9 10 11 12 16 17 21 22 23 43 24 25 28 29 34 50 35 36 51 59 52 53 57 58
28 10 28 11 12 13 14 15 16 17 18 26 27 29 30 35 36 37 38 39 40 44 45 46 47 48 58 56 57
28 10 11 14 15 16 36 17 18 26 44 27 28 33 34 35 52 37 38 39 40 45 57 46 47 53 54 55 56
28 0 1 2 3 4 5 6 21 10 11 12 13 14 15 19 20 26 44 35 52 45 57 48 58 51 59 55 56
28 0 8 6 21 7 24 9 25 10 28 15 16 20 39 29 30 31 49 32 33 36 37 38 53 40 54 47 48
28 0 1 4 5 6 21 7 24 8 9 13 32 25 26 27 46 33 34 35 36 40 54 44 45 50 51 52 53
28 5 19 6 7 8 9 13 32 14 15 27 46 33 34 35 52 38 53 42 56 45 57 50 51 54 55 58 59
28 5 6 7 8 9 10 11 12 16 17 18 19 27 46 28 29 36 37 38 53 42 56 45 57 54 55 58 59
28 0 4 3 17 7 8 9 25 10 28 18 37 22 41 23 24 29 30 31 32 42 43 47 48 49 50 51 52
28 0 8 1 11 2 3 4 5 9 25 10 28 12 29 16 17 34 50 35 36 40 41 42 43 51 52 53 54
28 7 24 8 9 13 14 15 33 22 23 25 26 27 46 30 47 31 32 34 35 38 39 43 44 45 57 52 53
28 2 14 3 4 5 19 12 29 13 32 15 33 20 39 25 26 27 28 38 53 40 54 41 42 43 44 45 46
28 13 14 15 16 17 18 22 23 26 27 30 47 31 32 33 34 39 40 41 42 43 44 45 46 54 55 56 57
28 5 6 7 8 9 10 11 12 19 20 21 22 31 49 34 50 35 52 41 42 45 57 48 58 51 59 55 56
28 7 8 9 25 13 14 15 16 17 18 22 41 23 24 30 47 31 32 33 34 39 40 42 43 54 55 56 57
28 1 11 2 3 12 29 19 20 21 22 23 24 38 39 40 41 42 56 43 44 45 46 53 54 55 59 57 58
28 0 1 4 5 6 21 13 32 22 23 26 27 33 34 35 36 40 54 41 42 43 44 45 46 50 51 52 53
28 0 4 1 2 3 17 13 14 18 37 22 23 30 47 31 32 38 39 40 41 42 43 52 53 54 55 56 57
28 7 8 11 12 13 14 15 33 22 41 23 24 29 30 31 32 34 35 46 47 48 58 49 50 51 52 55 59
28 13 14 15 16 17 18 22 23 26 27 30 31 32 33 34 35 36 37 38 39 40 41 46 47 48 58 49 50
28 1 11 9 10 12 13 18 19 20 21 22 23 24 25 28 29 32 33 36 37 38 39 40 41 42 43 53 54
28 0 4 1 2 3 17 5 19 6 7 8 9 16 36 18 37 23 24 25 26 27 46 38 53 54 55 58 59
28 5 19 8 9 10 11 12 13 14 15 20 39 25 26 27 46 28 29 32 33 38 53 40 41 54 55 58 59
28 0 4 3 17 5 19 6 7 8 9 10 28 15 16 18 37 20 21 24 25 29 30 35 36 47 48 51 52
28 1 11 2 3 9 10 12 13 14 15 19 20 21 22 27 46 28 29 32 33 41 42 45 57 55 56 58 59
28 7 8 9 25 13 14 17 18 22 41 23 24 30 47 31 32 37 38 39 40 42 43 48 58 49 50 56 57
28 0 8 1 2 3 4 7 24 11 12 22 23 29 30 31 49 34 50 35 52 41 42 43 44 51 59 55 56
28 5 6 7 8 9 10 11 12 19 20 21 22 27 28 29 30 31 49 34 50 35 52 41 42 51 59 55 56
28 10 28 11 12 13 14 15 33 22 23 26 27 29 30 31 32 34 35 38 39 43 44 49 50 51 59 52 53
28 3 17 9 10 15 16 18 19 20 21 24 25 28 29 32 33 34 50 35 52 36 37 51 59 55 56 57 58
28 0 4 1 2 3 17 5 6 16 36 18 19 23 43 30 31 34 35 37 38 42 56 47 48 49 50 57 58
28 0 8 3 4 7 24 9 10 15 33 25 26 31 32 34 35 44 45 48 58 49 50 51 52 55 59 56 57
28 7 8 9 10 11 12 16 36 17 18 22 41 23 24 25 26 31 49 37 38 39 40 48 58 53 54 55 59
28 0 1 2 3 4 5 6 21 10 11 14 15 19 20 26 44 27 28 33 34 35 52 45 57 46 47 55 56
28 0 4 1 2 3 17 5 6 13 14 15 16 18 19 23 43 32 33 34 50 35 36 37 38 42 56 57 58
28 0 1 2 3 4 5 6 7 8 9 16 17 18 19 27 46 36 37 38 53 42 56 45 57 54 55 58 59
28 0 4 1 2 3 17 13 14 15 16 18 37 22 23 30 47 35 36 38 39 40 41 42 43 48 58 56 57
28 0 1 4 5 6 21 10 11 12 13 22 23 28 29 32 33 34 50 35 36 40 41 42 43 51 52 53 54
28 0 1 2 14 3 4 5 19 6 7 8 9 13 32 15 33 27 46 38 53 42 56 45 57 54 55 58 59
28 5 6 16 17 18 19 20 21 22 23 26 27 30 31 34 35 36 37 38 39 40 41 46 47 52 53 54 55
28 3 17 9 10 15 16 18 19 20 21 24 25 26 27 28 29 30 31 32 33 36 37 44 45 46 47 48 49
28 0 1 2 14 3 4 10 11 12 13 15 33 26 44 31 32 34 35 38 39 40 54 45 57 52 53 55 56
28 0 4 3 17 5 6 10 28 15 16 18 19 20 21 29 30 35 52 36 37 47 48 51 59 55 56 57 58
28 0 8 6 7 9 10 15 16 20 21 24 25 28 29 32 33 34 50 35 36 37 38 39 40 51 52 53 54
28 2 14 6 7 12 13 15 33 16 36 20 21 24 25 28 29 30 47 31 32 37 38 39 40 48 49 53 54
28 0 8 3 4 7 24 9 10 15 16 17 18 25 26 31 32 33 34 35 52 36 37 44 45 48 49 50 51
28 10 11 12 13 14 15 22 23 26 27 28 29 30 31 32 33 34 35 38 39 43 44 49 50 51 59 52 53
28 0 4 1 11 2 3 5 19 6 7 8 9 10 28 12 29 23 24 25 26 27 46 38 53 54 55 58 59
28 5 6 10 11 14 15 19 20 21 22 23 43 26 44 27 28 33 34 35 52 41 42 45 57 46 47 55 56
28 0 8 3 4 5 19 6 7 15 33 20 21 22 41 23 24 29 30 31 32 42 43 44 45 46 47 48 49
28 5 19 6 21 10 11 12 13 14 15 20 39 26 44 27 28 29 30 35 52 38 53 40 54 51 59 55 56
28 7 24 8 9 16 17 18 37 22 23 25 26 27 46 30 47 31 49 34 50 35 36 38 39 40 41 48 58
28 0 8 1 2 9 25 16 36 20 39 34 50 35 52 37 38 40 41 42 43 51 59 53 54 55 56 57 58
28 10 28 11 12 13 14 15 16 17 18 22 23 26 27 29 30 35 52 36 37 41 42 43 44 51 59 55 56
28 0 4 1 11 2 3 7 8 9 10 14 15 24 25 26 44 27 28 33 34 35 52 49 50 51 59 55 56
28 1 11 2 3 9 25 10 28 12 29 16 17 21 22 23 24 34 50 35 36 40 41 42 43 51 52 53 54
28 0 1 2 14 6 21 13 32 20 39 22 23 37 38 40 41 42 43 50 51 52 53 54 55 56 57 58 59
28 0 4 1 11 5 6 10 28 12 13 18 37 19 20 21 22 23 43 29 30 35 36 41 42 47 48 51 52
28 1 11 2 3 9 10 12 29 16 17 18 19 20 39 21 22 27 28 36 37 38 53 40 54 41 42 45 46
28 5 6 7 8 9 10 11 12 19 20 21 22 31 49 38 39 40 41 42 56 45 57 48 58 53 54 55 59
28 0 8 1 11 4 5 6 21 7 24 9 25 10 28 12 29 13 32 18 19 20 39 33 34 40 54 50 51
28 0 8 1 2 3 17 4 5 9 10 11 12 16 36 25 26 27 46 28 29 40 41 42 43 44 45 53 54
28 0 8 6 7 9 10 15 16 20 21 24 25 26 44 27 46 28 29 32 33 36 37 45 57 55 56 58 59
28 0 4 1 11 2 3 10 28 12 13 14 15 22 23 26 27 29 30 35 52 41 42 43 44 51 59 55 56
28 0 4 1 11 2 3 10 28 12 29 22 23 26 27 30 31 34 35 38 39 40 41 46 47 52 53 54 55
28 0 8 1 2 3 4 5 6 7 24 9 25 16 17 18 19 20 39 21 22 23 43 34 50 51 59 57 58
28 0 4 1 11 10 28 12 13 18 37 22 41 23 43 29 30 35 36 42 56 47 48 51 52 55 59 57 58
28 0 4 1 11 5 19 6 7 8 9 10 28 12 13 18 37 20 21 24 25 29 30 35 36 47 48 51 52
28 7 8 9 10 11 12 16 36 17 18 22 41 27 28 29 30 31 49 37 38 39 40 42 56 53 54 55 59
28 13 14 17 18 22 23 26 27 30 47 31 32 37 38 39 40 41 42 43 44 45 46 48 58 49 50 56 57
28 0 1 4 5 6 21 10 28 11 12 13 32 18 19 20 39 29 30 31 49 33 34 40 54 47 48 50 51
28 7 24 8 9 13 14 15 16 17 18 25 26 27 46 30 47 31 32 33 34 39 40 44 45 54 55 56 57
28 10 11 12 29 13 14 17 18 26 44 27 28 30 47 31 32 37 38 39 40 45 46 48 58 49 50 56 57
28 0 8 6 7 9 10 15 16 20 21 22 41 23 24 25 26 27 46 28 29 32 33 36 37 42 43 44 45
28 0 1 2 14 3 4 5 19 6 7 8 9 13 32 15 33 20 39 21 22 27 46 38 53 45 57 58 59
28 7 24 8 9 13 14 17 18 25 26 27 46 30 47 31 32 37 38 39 40 44 45 48 58 49 50 56 57
28 5 6 7 8 9 25 19 20 21 22 23 24 26 27 30 31 34 35 38 39 43 44 45 57 46 47 52 53
28 0 8 6 7 9 10 15 16 20 21 24 25 26 44 27 28 29 30 31 49 32 33 36 37 45 46 47 48
28 0 8 1 2 6 21 7 24 9 25 13 14 15 16 20 39 32 33 34 50 40 54 51 59 55 56 57 58
28 0 8 3 4 7 24 9 25 10 28 17 18 29 30 31 32 37 38 39 40 47 48 49 50 51 52 53 54
28 0 1 2 14 3 4 10 11 15 16 17 18 26 44 27 28 33 34 35 52 36 37 49 50 51 59 55 56
28 5 6 16 17 21 22 23 43 26 44 27 46 30 47 31 49 34 50 35 36 40 41 42 56 45 57 48 58
28 5 6 7 24 8 9 16 17 21 22 23 43 25 26 27 46 34 50 35 36 40 41 42 56 44 45 57 58
28 0 8 1 2 6 21 7 24 9 25 13 14 20 39 30 47 31 32 37 38 40 54 48 49 50 51 52 53
28 0 8 1 2 6 7 9 10 11 12 16 36 23 24 25 26 27 46 28 29 37 38 42 43 44 45 53 54
28 10 11 12 13 14 15 22 23 26 44 31 32 33 34 35 52 38 39 40 41 42 43 45 57 53 54 55 56
28 1 11 9 25 10 28 12 13 18 19 20 21 22 41 23 24 29 30 31 49 32 33 36 37 42 43 47 48
28 5 19 6 21 13 14 15 16 17 18 20 39 22 23 26 27 32 33 34 50 43 44 45 46 51 59 57 58
28 4 5 6 7 12 13 18 19 20 21 24 25 26 44 27 28 29 30 31 49 32 33 36 37 45 46 47 48
28 0 1 2 14 6 7 8 9 13 32 20 21 24 25 30 31 37 38 39 40 47 48 49 50 51 52 53 54
28 0 4 3 17 10 28 15 16 18 37 29 30 35 36 38 39 40 54 47 48 51 59 52 53 55 56 57 58
28 5 6 7 8 9 10 11 12 13 14 15 33 19 20 21 22 31 32 41 42 45 57 48 49 55 56 58 59
28 2 3 4 5 12 29 13 32 14 15 19 20 25 26 27 28 33 34 35 52 41 42 43 44 45 46 50 51
28 1 2 3 17 9 10 11 12 16 36 21 22 23 24 25 26 27 46 28 29 40 41 42 43 44 45 53 54
28 0 4 1 2 3 17 5 6 13 14 18 19 20 21 30 47 31 32 37 38 39 40 48 58 49 50 56 57
28 5 6 13 14 15 33 16 17 21 22 23 43 30 47 31 32 34 50 35 36 40 41 42 56 48 49 57 58
28 5 6 16 17 18 19 20 21 22 23 26 27 30 31 34 35 36 37 38 39 40 41 46 47 48 58 49 50
28 13 14 17 18 22 23 26 27 30 47 31 32 37 38 39 40 41 42 43 44 45 46 52 53 54 55 56 57
28 5 6 10 11 12 13 14 15 16 17 18 19 20 21 28 29 30 47 35 36 37 38 39 40 48 58 56 57
28 5 6 13 14 15 33 16 17 18 19 23 43 30 47 31 32 34 50 35 36 37 38 42 56 48 49 57 58
28 10 11 12 13 14 15 16 36 17 18 26 44 31 32 33 34 35 52 37 38 39 40 45 57 53 54 55 56
28 5 6 7 8 9 25 16 17 18 19 23 24 26 27 30 31 36 37 38 53 46 47 48 49 54 55 58 59
28 2 14 3 4 5 19 6 7 12 13 15 33 20 21 24 25 26 44 31 32 45 57 48 49 55 56 58 59
28 5 19 6 21 10 28 11 12 20 39 22 23 26 27 29 30 31 49 34 50 35 52 38 53 43 44 51 59
28 0 8 1 11 2 14 9 25 10 28 12 29 13 32 15 33 16 36 20 39 37 38 40 41 42 43 53 54
28 5 6 7 8 9 10 11 12 16 17 21 22 23 43 24 25 28 29 34 50 35 36 40 41 42 56 57 58
28 1 2 3 17 9 10 11 12 16 36 18 19 23 43 24 25 28 29 37 38 42 56 53 54 55 59 57 58
28 2 14 3 4 7 24 15 33 25 26 27 28 34 35 38 39 40 54 44 45 46 47 48 49 50 51 52 53
28 0 1 2 14 6 21 10 11 12 13 15 16 20 39 28 29 30 47 31 32 33 34 40 54 48 49 50 51
28 0 4 1 11 7 8 9 10 12 13 18 37 24 25 26 44 27 28 29 30 35 36 45 46 47 48 51 52
28 0 1 2 3 4 5 6 21 16 17 22 23 26 27 34 50 35 36 40 41 42 56 43 44 45 46 57 58
28 0 8 1 2 6 21 7 24 9 25 13 14 15 16 20 39 30 47 31 32 33 34 40 54 48 49 50 51
28 5 19 6 7 8 9 20 21 22 23 24 25 26 27 30 31 34 35 38 39 43 44 45 57 46 47 52 53
28 0 4 1 11 2 14 3 17 5 6 10 28 18 19 20 21 37 38 39 40 47 48 49 50 51 52 53 54
28 3 17 9 10 15 16 18 19 20 21 24 25 26 44 27 28 29 30 31 49 32 33 36 37 45 46 47 48
28 0 4 1 2 3 17 5 6 16 36 21 22 23 43 26 44 27 46 34 35 45 57 50 51 52 53 58 59
28 5 6 7 24 8 9 16 17 18 19 20 39 21 22 23 43 25 26 27 46 34 50 44 45 51 59 57 58
28 5 6 7 24 8 9 16 17 18 19 23 43 25 26 27 46 34 50 35 36 37 38 42 56 44 45 57 58
28 4 5 6 7 12 13 18 19 20 21 22 41 23 24 25 26 27 46 28 29 32 33 36 37 42 43 44 45
28 5 6 10 11 12 13 14 15 19 20 21 22 23 43 26 44 27 28 29 30 35 52 41 42 51 59 55 56
28 0 1 4 5 6 21 10 11 18 37 19 20 26 44 27 28 33 34 35 36 45 46 47 48 49 50 51 52
28 0 8 1 2 9 10 11 12 16 36 20 39 25 26 27 46 28 29 37 38 40 41 42 43 44 45 53 54
28 5 19 6 7 8 9 13 14 15 16 17 18 20 39 21 22 23 43 24 25 32 33 34 50 51 59 57 58
28 0 8 1 11 2 14 3 4 7 24 15 33 22 23 41 42 43 44 45 57 46 47 48 49 55 56 58 59
28 5 19 6 7 8 9 13 32 14 15 20 39 21 22 27 46 33 34 35 52 38 53 45 57 50 51 58 59
28 7 8 11 12 16 36 17 18 22 41 23 24 29 30 31 49 37 38 39 40 46 47 48 58 53 54 55 59
28 0 8 1 2 3 4 5 19 9 25 20 39 26 27 30 31 38 53 43 44 45 57 46 47 48 49 58 59
28 0 4 1 2 3 17 16 36 18 37 22 23 26 27 30 31 34 35 38 39 40 41 46 47 52 53 54 55
28 5 19 6 7 8 9 13 32 14 15 23 24 25 26 27 46 33 34 35 52 38 53 50 51 54 55 58 59
28 0 8 6 7 9 10 15 16 20 21 22 23 24 25 28 29 32 33 36 37 38 39 40 41 42 43 53 54
28 0 4 1 11 2 3 10 28 12 29 22 23 26 27 30 31 34 35 38 39 40 41 42 56 43 44 49 50
28 0 8 3 4 7 24 15 33 16 36 17 18 29 30 31 32 37 38 39 40 44 45 46 47 48 49 53 54
28 3 17 9 10 15 16 18 19 20 21 24 25 28 29 30 47 31 49 32 33 36 37 48 58 55 59 56 57
28 5 19 6 7 8 9 16 36 17 18 20 39 21 22 27 46 34 35 37 38 45 57 50 51 52 53 58 59
28 3 17 9 10 15 16 18 19 20 21 24 25 28 29 30 31 32 33 34 35 36 37 47 48 49 50 51 52
28 7 8 9 10 11 12 22 23 24 25 26 27 28 29 30 31 34 35 38 39 40 41 42 56 43 44 49 50
28 0 1 2 14 3 4 5 6 13 32 15 33 16 17 21 22 23 43 34 50 35 36 40 41 42 56 57 58
28 0 1 4 5 6 21 10 28 11 12 13 32 29 30 31 49 33 34 35 36 40 54 47 48 50 51 52 53
28 5 6 13 32 14 15 16 17 18 19 23 43 30 31 33 34 42 56 47 48 49 50 51 59 54 55 57 58
28 5 19 6 7 8 9 23 24 25 26 27 46 30 47 31 49 34 50 35 52 38 53 48 58 51 59 54 55
28 4 5 6 7 12 13 18 19 20 21 24 25 28 29 30 47 31 49 32 33 36 37 48 58 55 59 56 57
28 5 6 7 8 9 25 16 17 18 19 23 24 26 27 34 50 42 56 43 44 45 46 51 59 54 55 57 58
28 13 14 17 18 22 41 23 43 26 44 27 46 30 47 31 32 37 38 39 40 42 56 45 57 48 58 49 50
28 0 4 1 11 2 3 7 8 12 29 22 41 23 24 30 31 34 35 42 56 43 44 49 50 51 52 55 59
28 0 4 1 2 3 17 7 8 11 12 16 36 18 37 22 41 23 24 29 30 31 49 42 56 43 44 55 59
28 2 14 3 4 5 19 6 21 7 24 15 33 20 39 25 26 27 28 38 53 40 54 44 45 46 47 48 49
28 0 8 3 4 7 24 15 16 17 18 29 30 31 32 33 34 35 52 36 37 44 45 46 47 48 49 50 51
28 0 1 4 5 6 21 13 32 30 47 31 49 33 34 35 36 40 54 48 58 50 51 52 53 55 59 56 57
28 0 1 4 5 6 7 8 9 13 32 21 22 23 43 24 25 33 34 35 36 40 54 41 42 50 51 52 53
28 2 3 4 5 6 7 12 13 14 15 19 20 21 22 27 28 29 30 31 49 32 33 41 42 45 46 47 48
28 5 19 8 9 13 14 15 33 20 39 25 26 27 46 30 47 31 32 38 53 40 41 48 49 54 55 58 59
28 0 8 1 2 3 17 4 5 9 25 13 14 15 16 32 33 34 50 35 36 40 41 42 43 51 52 53 54
28 0 8 1 2 3 4 5 19 11 12 20 39 29 30 31 49 38 53 40 54 41 42 43 44 45 46 47 48
28 0 8 1 2 6 7 9 25 10 11 12 13 14 15 16 36 23 24 28 29 32 33 37 38 42 43 53 54
28 7 8 9 25 10 11 14 15 22 41 23 24 26 44 27 28 33 34 35 52 42 43 45 57 46 47 55 56
28 0 8 3 4 7 24 9 10 15 33 25 26 31 32 34 35 38 39 40 54 44 45 48 49 50 51 52 53
28 0 1 4 5 6 21 10 11 12 13 18 37 19 20 28 29 30 47 35 36 48 58 51 52 55 59 56 57
28 5 19 6 21 13 32 14 15 20 39 22 23 26 27 30 31 33 34 35 52 38 53 40 41 46 47 54 55
28 2 3 4 5 6 7 12 13 14 15 19 20 21 22 27 46 28 29 32 33 41 42 45 57 55 56 58 59
28 2 14 3 4 5 19 6 7 15 33 20 21 24 25 26 44 27 28 34 35 45 46 47 48 49 50 51 52
28 10 28 11 12 16 17 18 37 22 23 26 27 29 30 31 49 34 50 35 36 38 39 43 44 51 59 52 53
28 5 19 8 9 10 11 12 29 20 39 25 26 27 28 34 50 35 52 38 53 43 44 45 46 51 59 57 58
28 5 19 6 21 7 8 9 10 11 12 20 39 22 41 27 28 29 30 31 49 38 53 40 54 42 56 55 59
28 0 1 2 14 3 4 13 32 17 18 26 27 30 31 37 38 39 40 44 45 46 47 48 58 49 50 56 57
28 7 24 8 9 10 11 12 29 22 23 25 26 27 28 30 31 34 35 38 39 43 44 49 50 51 59 52 53
28 0 8 1 2 3 4 5 19 6 7 9 10 11 12 23 24 25 26 27 46 28 29 38 53 54 55 58 59
28 2 3 4 5 6 7 12 29 16 17 18 37 19 20 21 22 27 28 34 50 35 36 41 42 45 46 51 52
28 5 19 6 21 7 8 9 10 11 12 20 39 22 41 31 49 38 53 40 54 42 56 45 57 48 58 55 59
28 1 2 3 17 9 10 11 12 16 36 21 22 23 43 24 25 28 29 34 35 40 54 41 42 50 51 52 53
28 5 19 8 9 10 11 12 13 14 15 20 39 25 26 27 46 28 29 32 33 38 53 43 44 45 57 58 59
28 0 1 4 5 6 21 7 8 9 10 11 12 13 32 24 25 28 29 33 34 35 36 40 54 50 51 52 53
28 0 8 6 7 9 10 15 16 20 21 24 25 28 29 30 47 31 32 33 34 35 52 36 37 48 49 50 51
28 4 5 6 7 12 13 18 19 20 21 24 25 28 29 32 33 36 37 38 53 39 40 54 55 56 57 58 59
28 5 19 6 7 8 9 16 36 17 18 27 46 30 47 31 49 37 38 42 56 45 57 48 58 53 54 55 59
28 5 19 6 7 8 9 10 28 11 12 27 46 29 30 31 49 38 53 42 56 45 57 47 48 54 55 58 59
28 7 8 9 10 11 12 16 17 18 37 22 41 31 49 34 50 35 36 42 56 45 57 48 58 51 52 55 59
28 0 1 2 14 3 4 13 32 17 18 22 41 23 43 30 31 37 38 39 40 42 56 47 48 49 50 57 58
28 0 1 2 14 3 4 7 8 11 12 13 32 15 33 22 41 23 24 29 30 31 49 46 47 48 58 55 59
28 0 8 1 2 6 7 9 10 11 12 16 36 23 43 24 25 28 29 37 38 42 56 53 54 55 59 57 58
28 0 4 1 11 7 8 9 10 12 13 18 37 24 25 28 29 30 47 35 36 48 58 51 52 55 59 56 57
28 0 1 4 5 6 7 8 9 13 32 18 19 20 39 21 22 23 43 24 25 33 34 40 54 41 42 50 51
28 5 19 6 7 8 9 10 11 12 13 14 15 27 46 28 29 32 33 38 53 42 56 45 57 54 55 58 59
28 3 17 9 10 15 33 16 36 18 19 20 21 24 25 28 29 30 47 31 32 37 38 39 40 48 49 53 54
28 5 19 6 7 8 9 16 17 18 37 20 39 21 22 27 46 34 50 35 36 38 53 45 57 51 52 58 59
28 0 1 2 3 4 5 6 21 13 14 17 18 19 20 30 47 31 32 37 38 39 40 48 58 49 50 56 57
28 1 2 3 17 9 25 13 14 15 16 18 19 23 24 32 33 36 37 38 53 42 43 54 55 56 57 58 59
28 0 4 1 11 2 14 3 17 10 28 18 37 26 44 27 46 45 57 47 48 49 50 51 52 55 56 58 59
28 13 14 17 18 22 41 23 43 26 44 27 46 30 47 31 32 37 38 39 40 42 56 45 57 52 53 54 55
28 0 8 6 7 9 10 15 16 20 21 24 25 28 29 32 33 36 37 38 53 39 40 54 55 56 57 58 59
28 0 4 3 17 10 28 18 37 26 27 29 30 31 32 44 45 46 47 48 58 49 50 51 52 55 59 56 57
28 3 17 9 10 15 16 18 19 20 21 22 23 24 25 28 29 32 33 36 37 38 39 40 41 42 43 53 54
28 5 19 8 9 10 28 11 12 20 39 25 26 27 46 29 30 31 49 38 53 43 44 45 57 47 48 58 59
28 10 11 12 29 13 14 17 18 26 44 27 28 30 47 31 32 37 38 39 40 45 46 52 53 54 55 56 57
28 10 28 11 12 16 17 18 37 22 23 26 27 29 30 31 49 34 50 35 36 38 39 40 41 46 47 48 58
28 0 1 2 14 3 4 10 11 17 18 26 44 27 28 37 38 39 40 45 46 47 48 49 50 51 52 53 54
28 2 3 4 5 12 29 19 20 25 26 27 28 30 31 34 35 41 42 43 44 45 46 47 48 49 50 51 52
28 2 14 3 17 4 5 12 29 13 32 15 33 16 36 18 37 19 20 25 26 27 28 41 42 43 44 45 46
28 13 32 14 15 16 17 18 37 22 23 26 27 30 31 33 34 35 36 38 39 43 44 45 57 46 47 52 53
28 7 24 8 9 13 14 17 18 25 26 27 46 30 47 31 32 37 38 39 40 44 45 52 53 54 55 56 57
28 1 11 2 3 12 13 14 15 19 20 21 22 23 24 29 30 31 49 32 33 41 42 43 44 45 46 47 48
28 0 4 3 17 5 6 10 28 18 37 19 20 21 22 23 43 29 30 31 32 41 42 47 48 49 50 51 52
28 13 32 14 15 16 17 18 37 22 23 26 27 30 31 33 34 35 36 38 39 43 44 49 50 51 59 52 53
28 0 8 1 11 2 3 4 5 12 29 16 17 18 19 20 39 36 37 38 53 40 54 41 42 43 44 45 46
28 0 4 3 17 10 28 15 16 18 37 22 41 23 43 29 30 35 36 42 56 47 48 51 52 55 59 57 58
28 5 6 16 17 21 22 23 43 26 44 27 46 30 47 31 49 34 50 35 36 45 57 48 58 51 59 52 53
28 5 6 7 8 11 12 16 17 18 19 20 21 22 41 23 24 29 30 31 49 36 37 42 56 43 44 55 59
28 0 1 2 14 6 7 8 9 13 32 15 33 16 36 23 43 24 25 37 38 42 56 53 54 55 59 57 58
28 7 8 9 10 11 12 13 14 15 16 17 18 24 25 28 29 30 47 35 36 37 38 39 40 48 58 56 57
28 0 1 2 3 4 5 6 21 7 8 9 10 11 12 19 20 22 41 27 28 29 30 31 49 42 56 55 59
28 0 4 3 17 10 28 15 16 18 37 22 23 26 27 29 30 35 36 41 42 43 44 45 46 47 48 51 52
28 5 6 7 8 9 10 11 12 19 20 21 22 23 24 25 26 31 49 38 39 40 41 48 58 53 54 55 59
28 0 8 1 2 3 4 7 24 11 12 22 23 29 30 31 49 38 39 40 41 46 47 48 58 53 54 55 59
28 0 8 1 2 3 4 7 24 9 25 10 11 12 13 14 15 26 44 27 28 29 30 35 52 51 59 55 56
28 2 3 4 5 6 7 12 29 19 20 21 22 27 28 34 50 35 52 41 42 45 46 51 59 55 56 57 58
28 0 4 1 11 2 3 10 28 14 15 26 27 33 34 35 52 38 53 39 40 44 45 46 47 54 55 56 57
28 5 19 8 9 10 11 12 29 20 39 25 26 27 28 30 31 38 53 43 44 45 57 46 47 48 49 58 59
28 0 4 1 11 2 3 10 28 12 29 13 14 17 18 30 47 31 32 37 38 39 40 48 58 49 50 56 57
28 0 1 4 5 6 21 13 32 26 27 30 31 33 34 35 36 40 54 44 45 46 47 48 49 50 51 52 53
28 2 3 4 5 12 13 14 15 19 20 25 26 27 46 28 29 32 33 38 39 40 41 42 43 44 45 53 54
28 0 1 2 14 3 4 7 8 11 12 13 32 15 33 22 41 23 24 29 30 31 49 42 56 43 44 55 59
28 0 8 3 4 5 19 6 7 9 10 15 33 20 21 22 41 23 24 25 26 31 32 42 43 44 45 48 49
28 5 6 10 11 12 13 14 15 16 17 18 19 20 21 26 44 35 52 36 37 45 57 48 58 51 59 55 56
28 10 28 11 12 13 14 17 18 22 41 23 43 29 30 31 32 37 38 39 40 42 56 47 48 49 50 57 58
28 13 32 14 15 16 17 18 37 22 23 26 27 30 31 33 34 35 36 38 39 40 41 46 47 52 53 54 55
28 0 4 1 2 3 17 5 6 13 14 15 16 18 19 20 21 30 47 39 40 48 58 51 59 54 55 56 57
28 5 19 6 21 16 36 17 18 20 39 22 23 26 27 30 31 34 35 37 38 43 44 49 50 51 59 52 53
28 0 4 1 2 3 17 5 19 6 7 8 9 16 36 18 37 20 39 21 22 27 46 38 53 45 57 58 59
28 5 6 7 24 8 9 16 17 18 19 23 43 25 26 27 46 34 50 42 56 44 45 51 59 54 55 57 58
28 0 8 6 7 9 10 15 16 20 39 21 22 23 43 24 25 28 29 32 33 36 37 38 53 40 54 41 42
28 7 24 8 9 10 11 12 29 22 23 25 26 27 28 30 31 34 35 38 39 40 41 42 56 43 44 49 50
28 0 8 6 7 9 10 15 16 20 21 24 25 28 29 30 47 31 49 32 33 36 37 48 58 55 59 56 57
28 5 6 10 28 11 12 16 17 18 19 23 43 29 30 31 49 34 50 35 36 37 38 42 56 47 48 57 58
28 10 11 14 15 22 23 26 44 27 28 33 34 35 52 38 39 40 41 42 43 49 50 51 59 53 54 55 56
28 1 11 2 3 9 10 12 29 16 36 17 18 19 20 21 22 27 28 37 38 39 40 41 42 45 46 53 54
28 0 1 2 3 4 5 8 9 16 17 25 26 27 46 34 50 35 36 40 41 42 43 44 45 51 52 53 54
28 0 8 1 11 2 3 4 5 12 29 19 20 30 31 34 35 41 42 43 44 45 46 47 48 49 50 51 52
28 0 8 1 2 9 25 13 32 14 15 16 36 20 39 33 34 35 52 37 38 40 41 42 43 50 51 53 54
28 0 4 1 11 2 14 3 17 10 28 18 37 26 27 38 39 40 54 44 45 46 47 48 49 50 51 52 53
28 0 4 1 11 2 3 7 8 12 13 14 15 22 41 23 24 29 30 31 49 32 33 42 56 43 44 55 59
28 5 6 16 17 21 22 23 43 26 27 30 31 34 50 35 36 40 41 42 56 44 45 46 47 48 49 57 58
28 5 19 8 9 10 28 11 12 20 39 25 26 27 46 29 30 31 49 38 53 40 41 47 48 54 55 58 59
28 7 24 8 9 13 14 15 16 17 18 25 26 27 46 30 47 35 36 37 38 39 40 44 45 48 58 56 57
28 0 8 1 11 2 3 4 5 12 29 13 14 15 33 19 20 30 47 31 32 41 42 43 44 45 46 48 49
28 2 14 3 4 7 24 12 13 15 33 25 26 31 32 34 35 38 39 40 54 44 45 48 49 50 51 52 53
28 0 4 3 17 7 24 8 9 10 28 15 16 18 37 25 26 27 46 29 30 35 36 44 45 47 48 51 52
28 0 8 1 2 6 7 9 25 16 36 23 24 26 27 37 38 42 56 43 44 45 46 53 54 55 59 57 58
28 2 14 3 17 4 5 6 21 7 24 15 33 16 36 18 37 19 20 25 26 27 28 44 45 46 47 48 49
28 3 17 9 10 15 16 18 19 20 39 21 22 23 43 24 25 28 29 32 33 36 37 38 53 40 54 41 42
28 4 5 6 7 12 13 18 19 20 21 22 23 24 25 28 29 32 33 36 37 38 39 40 41 42 43 53 54
28 0 1 4 5 6 21 7 8 9 25 13 32 22 41 23 24 33 34 35 36 40 54 42 43 50 51 52 53
28 5 6 13 14 15 33 19 20 21 22 23 43 26 44 27 46 30 47 31 32 34 35 38 39 45 57 52 53
28 7 24 8 9 13 14 15 33 22 23 25 26 27 46 30 47 31 32 34 35 38 39 40 41 52 53 54 55
28 0 8 1 11 2 3 4 5 12 29 19 20 30 31 41 42 43 44 45 57 46 47 48 49 55 56 58 59
28 5 19 6 7 8 9 10 28 11 12 20 39 21 22 27 46 29 30 31 49 38 53 45 57 47 48 58 59
28 0 8 3 17 4 5 6 21 7 24 9 25 10 28 18 37 19 20 29 30 31 32 47 48 49 50 51 52
28 2 3 4 5 12 29 19 20 25 26 27 28 38 53 39 40 41 42 43 44 45 46 54 55 56 57 58 59
28 2 3 4 5 12 29 13 14 15 16 17 18 19 20 25 26 27 28 32 33 36 37 41 42 43 44 45 46
28 0 8 1 2 3 4 7 24 9 25 10 11 14 15 26 44 27 28 33 34 35 52 45 57 46 47 55 56
28 0 4 1 2 3 17 10 11 14 15 16 36 18 37 26 44 27 28 33 34 35 52 49 50 51 59 55 56
28 0 8 6 7 9 10 15 16 20 21 24 25 28 29 30 31 32 33 34 35 36 37 47 48 49 50 51 52
28 1 11 2 3 9 10 12 13 14 15 19 20 21 22 27 28 29 30 31 49 32 33 41 42 45 46 47 48
28 5 19 6 7 8 9 16 17 18 37 23 24 25 26 27 46 34 50 35 36 38 53 51 52 54 55 58 59
28 0 1 2 3 4 5 6 21 13 14 17 18 19 20 30 47 31 32 37 38 39 40 52 53 54 55 56 57
28 5 6 7 8 9 10 11 12 16 17 18 19 20 39 21 22 27 46 28 29 36 37 38 53 45 57 58 59
28 0 8 3 4 7 24 9 10 15 33 16 17 18 37 25 26 31 32 34 50 35 36 44 45 48 49 51 52
28 0 1 4 5 6 21 10 11 12 29 13 32 26 44 27 28 33 34 35 36 40 54 45 46 50 51 52 53
28 5 19 6 21 10 11 12 13 14 15 20 39 26 44 35 52 38 53 40 54 45 57 48 58 51 59 55 56
28 0 8 3 17 4 5 6 21 7 24 15 33 16 36 18 37 19 20 29 30 31 32 44 45 46 47 48 49
28 0 4 1 11 2 3 10 28 14 15 22 23 26 27 33 34 35 52 41 42 43 44 45 57 46 47 55 56
28 0 1 2 14 3 4 10 11 12 13 15 16 17 18 28 29 30 47 31 32 33 34 39 40 54 55 56 57
28 0 4 1 2 3 17 5 6 16 36 21 22 23 43 30 31 34 35 40 41 42 56 47 48 49 50 57 58
28 0 4 3 17 10 28 15 16 18 37 26 27 29 30 35 36 44 45 46 47 48 58 51 52 55 59 56 57
28 4 5 6 7 12 13 18 37 19 20 21 22 23 43 24 25 28 29 32 33 34 50 35 36 41 42 51 52
28 10 11 14 15 22 41 23 43 26 44 27 28 33 34 35 52 38 53 39 40 42 56 45 57 46 47 54 55
28 10 11 12 13 14 15 16 17 18 37 22 23 28 29 30 47 35 36 38 39 40 41 42 43 48 58 56 57
28 0 8 6 7 9 10 15 33 16 36 20 21 24 25 28 29 30 47 31 32 37 38 39 40 48 49 53 54
28 2 14 3 4 5 6 7 24 15 33 16 17 18 19 20 21 25 26 27 28 36 37 44 45 46 47 48 49
28 7 8 9 25 16 36 17 18 22 41 23 24 26 27 30 31 34 35 37 38 39 40 46 47 48 58 49 50
28 4 5 6 7 12 13 18 19 20 21 24 25 28 29 30 47 31 32 33 34 35 52 36 37 48 49 50 51
28 0 4 3 17 10 28 15 16 18 37 22 23 29 30 35 36 38 39 40 41 42 43 47 48 51 52 53 54
28 13 32 14 15 16 17 18 37 22 23 26 27 30 31 33 34 35 36 38 39 40 41 42 56 43 44 49 50
28 7 8 9 10 11 12 22 23 24 25 26 27 28 29 30 31 34 35 38 39 40 41 46 47 52 53 54 55
28 0 1 4 5 6 21 10 11 12 13 28 29 30 47 31 32 33 34 35 36 40 54 48 49 50 51 52 53
28 4 5 6 7 12 13 18 19 20 21 24 25 28 29 30 31 32 33 34 35 36 37 47 48 49 50 51 52
28 7 8 9 25 13 14 17 18 22 41 23 24 30 47 31 32 37 38 39 40 42 43 52 53 54 55 56 57
28 2 14 3 4 7 24 15 33 22 23 25 26 27 28 38 39 40 41 42 43 44 45 46 47 48 49 53 54
28 0 8 3 17 4 5 6 21 7 24 9 10 15 33 16 36 18 37 19 20 25 26 31 32 44 45 48 49
28 5 19 8 9 13 32 14 15 20 39 25 26 27 46 33 34 35 52 38 53 43 44 45 57 50 51 58 59
28 0 8 1 2 9 25 16 36 20 39 26 27 37 38 40 41 42 56 43 44 45 46 53 54 55 59 57 58
28 5 19 6 21 7 8 11 12 20 39 22 41 23 24 29 30 31 49 38 53 40 54 46 47 48 58 55 59
28 0 1 2 14 6 21 10 11 12 13 20 39 28 29 30 47 31 32 37 38 40 54 48 49 50 51 52 53
28 5 6 7 8 11 12 19 20 21 22 23 24 29 30 31 49 38 39 40 41 42 56 43 44 53 54 55 59
28 0 1 4 5 6 21 10 11 12 13 28 29 32 33 34 50 35 36 40 54 51 59 52 53 55 56 57 58
28 0 8 1 2 3 4 5 19 6 7 11 12 20 21 22 41 23 24 29 30 31 49 42 56 43 44 55 59
28 0 4 1 2 3 17 7 8 11 12 16 36 18 37 22 41 23 24 29 30 31 49 46 47 48 58 55 59
28 10 11 12 29 13 14 15 16 17 18 26 44 27 28 30 47 39 40 45 46 48 58 51 59 54 55 56 57
28 7 8 9 25 10 11 12 13 14 15 22 41 23 24 26 44 35 52 42 43 45 57 48 58 51 59 55 56
28 2 3 4 5 6 7 12 29 13 14 15 16 17 18 19 20 21 22 27 28 32 33 36 37 41 42 45 46
28 5 19 6 21 16 36 17 18 20 39 22 23 26 27 30 31 34 35 37 38 40 41 42 56 43 44 49 50
28 5 19 6 7 8 9 16 36 17 18 27 46 34 35 37 38 42 56 45 57 50 51 52 53 54 55 58 59
28 0 8 1 2 3 4 5 19 9 25 20 39 26 27 34 50 35 52 38 53 43 44 45 46 51 59 57 58
28 7 24 8 9 10 11 12 13 14 15 22 23 25 26 31 49 32 33 38 39 40 41 48 58 53 54 55 59
28 7 8 9 10 11 12 22 23 24 25 26 27 28 29 30 31 34 35 38 39 43 44 45 57 46 47 52 53
28 2 14 3 17 4 5 6 21 7 24 12 13 15 33 16 36 18 37 19 20 25 26 31 32 44 45 48 49
28 0 1 2 14 3 17 4 5 6 7 8 9 13 32 21 22 23 43 24 25 40 54 41 42 50 51 52 53
28 0 1 4 5 6 21 13 32 18 19 20 39 26 44 27 46 33 34 40 54 45 57 50 51 55 56 58 59
28 0 1 2 3 4 5 6 7 8 9 16 17 18 19 23 24 25 26 27 46 36 37 38 53 54 55 58 59
28 5 19 6 21 13 32 14 15 20 39 22 23 26 27 30 31 33 34 35 52 38 53 43 44 49 50 51 59
28 10 28 11 12 13 14 17 18 26 27 29 30 31 32 37 38 39 40 44 45 46 47 48 58 49 50 56 57
28 3 17 9 10 15 16 18 19 20 21 24 25 28 29 30 47 31 32 33 34 35 52 36 37 48 49 50 51
28 5 6 7 8 9 25 16 17 21 22 23 24 30 47 31 49 34 50 35 36 40 41 42 43 48 58 56 57
28 1 2 3 17 9 25 10 11 12 29 16 36 18 19 23 24 26 44 27 28 37 38 42 43 45 46 53 54
28 5 19 6 7 8 9 20 21 22 23 24 25 26 27 30 31 34 35 38 39 40 41 42 56 43 44 49 50
28 0 1 4 5 6 21 13 32 18 19 20 39 26 27 30 31 33 34 40 54 44 45 46 47 48 49 50 51
28 0 1 2 14 3 4 13 32 15 33 22 23 26 27 30 31 34 35 38 39 40 41 46 47 52 53 54 55
28 5 19 6 7 8 9 10 11 12 13 14 15 20 21 24 25 26 44 35 52 45 57 48 58 51 59 55 56
28 0 8 3 4 7 24 9 10 15 16 17 18 25 26 31 49 32 33 36 37 44 45 48 58 55 59 56 57
28 5 19 6 21 7 8 11 12 20 39 22 41 23 24 29 30 31 49 38 53 40 54 42 56 43 44 55 59
28 5 6 7 8 9 10 11 12 16 17 18 19 23 43 24 25 28 29 34 50 42 56 51 59 54 55 57 58
28 1 11 2 3 12 29 19 20 21 22 23 24 30 31 41 42 43 44 45 57 46 47 48 49 55 56 58 59
28 10 11 12 29 13 14 15 16 17 18 26 44 27 28 30 47 31 32 33 34 39 40 45 46 54 55 56 57
28 7 24 8 9 10 11 12 13 14 15 25 26 35 52 38 53 39 40 44 45 48 58 51 59 54 55 56 57
28 0 8 1 2 3 4 7 24 9 25 22 23 26 27 30 31 34 35 38 39 40 41 46 47 48 58 49 50
28 0 4 3 17 5 6 10 28 18 19 20 21 29 30 31 32 37 38 39 40 47 48 49 50 51 52 53 54
28 0 8 1 11 2 14 3 4 7 24 15 33 22 23 34 35 41 42 43 44 45 46 47 48 49 50 51 52
28 0 8 1 2 3 17 4 5 9 25 16 36 26 27 30 31 40 41 42 43 44 45 46 47 48 49 53 54
28 5 6 7 8 9 25 16 17 18 19 23 24 26 27 34 50 35 36 37 38 42 56 43 44 45 46 57 58
28 5 19 6 7 8 9 23 24 25 26 27 46 30 31 34 35 38 53 47 48 49 50 51 52 54 55 58 59
28 0 1 2 3 4 5 8 9 19 20 25 26 27 46 34 35 38 39 43 44 45 57 50 51 52 53 58 59
28 10 11 12 13 14 15 16 36 17 18 26 44 35 52 37 38 39 40 45 57 48 58 51 59 53 54 55 56
28 0 8 1 11 2 14 3 4 7 24 9 25 10 28 17 18 37 38 39 40 47 48 49 50 51 52 53 54
28 0 4 1 11 5 6 10 28 12 29 13 32 21 22 23 43 33 34 35 36 40 54 41 42 50 51 52 53
28 5 19 8 9 10 11 12 29 20 39 25 26 27 28 30 31 38 53 40 41 46 47 48 49 54 55 58 59
28 5 6 10 28 11 12 16 17 18 19 23 43 29 30 31 49 34 50 42 56 47 48 51 59 54 55 57 58
28 5 6 16 17 18 19 20 21 22 23 26 27 30 31 34 35 36 37 38 39 43 44 45 57 46 47 52 53
28 0 8 6 7 9 10 15 16 20 21 24 25 26 27 28 29 30 31 32 33 36 37 44 45 46 47 48 49
28 5 6 7 8 9 10 11 12 16 17 18 19 20 21 22 41 31 49 36 37 42 56 45 57 48 58 55 59
28 7 24 8 9 10 11 12 13 14 15 22 23 25 26 35 52 41 42 43 44 45 57 48 58 51 59 55 56
28 10 28 11 12 13 14 15 16 17 18 26 27 29 30 31 32 33 34 39 40 44 45 46 47 54 55 56 57
28 0 1 4 5 6 21 10 11 12 13 18 19 20 39 28 29 32 33 34 50 40 54 51 59 55 56 57 58
28 2 3 4 5 12 29 19 20 25 26 27 28 38 39 40 41 42 56 43 44 45 46 53 54 55 59 57 58
28 0 4 1 2 3 17 5 19 6 7 8 9 16 36 18 37 27 46 38 53 42 56 45 57 54 55 58 59
28 0 1 2 3 4 5 8 9 16 17 18 19 20 39 25 26 27 46 36 37 38 53 40 41 54 55 58 59
28 0 4 3 17 7 8 9 10 18 37 24 25 26 44 27 28 29 30 31 32 45 46 47 48 49 50 51 52
28 5 19 8 9 13 14 15 16 17 18 20 39 25 26 27 46 32 33 36 37 38 53 43 44 45 57 58 59
28 5 6 10 28 11 12 16 17 18 19 20 39 21 22 23 43 29 30 31 49 34 50 47 48 51 59 57 58
28 1 2 3 17 9 10 11 12 16 36 21 22 23 43 24 25 28 29 40 41 42 56 53 54 55 59 57 58
28 10 28 11 12 13 14 15 16 17 18 26 27 29 30 39 40 44 45 46 47 48 58 51 59 54 55 56 57
28 0 1 2 3 4 5 6 7 8 9 16 17 18 19 20 39 21 22 27 46 36 37 38 53 45 57 58 59
28 0 4 3 17 7 8 9 10 15 33 16 36 18 37 24 25 26 44 31 32 45 57 48 49 55 56 58 59
28 5 6 13 32 14 15 16 17 21 22 23 43 26 44 27 46 33 34 35 36 45 57 50 51 52 53 58 59
28 5 19 6 7 8 9 20 39 21 22 27 46 30 47 31 49 34 50 35 52 38 53 45 57 48 58 51 59
28 1 11 2 3 12 29 13 14 15 33 19 20 21 22 23 24 30 47 31 32 41 42 43 44 45 46 48 49
28 0 4 1 2 3 17 7 8 9 10 11 12 16 36 18 37 22 41 23 24 25 26 31 49 48 58 55 59
28 5 19 8 9 16 17 18 37 20 39 25 26 27 46 34 50 35 36 38 53 40 41 51 52 54 55 58 59
28 2 14 3 4 7 24 12 13 15 33 22 23 25 26 31 32 38 39 40 41 42 43 44 45 48 49 53 54
28 5 6 13 14 15 16 17 18 19 20 21 22 23 43 30 47 35 36 37 38 39 40 41 42 48 58 56 57
28 0 8 1 2 3 4 5 19 6 7 11 12 20 21 22 41 23 24 29 30 31 49 46 47 48 58 55 59
28 7 8 9 10 11 12 13 14 15 33 24 25 26 44 31 32 34 35 38 39 40 54 45 57 52 53 55 56
28 7 8 9 25 16 36 17 18 22 41 23 24 26 27 30 31 34 35 37 38 39 40 46 47 52 53 54 55
28 0 8 1 2 3 17 4 5 9 25 16 36 26 27 34 35 40 54 41 42 43 44 45 46 50 51 52 53
28 0 8 1 2 3 4 5 6 7 24 9 25 16 17 21 22 23 43 34 50 35 36 40 41 42 56 57 58
28 0 4 1 2 3 17 5 19 8 9 16 36 18 37 20 39 25 26 27 46 38 53 40 41 54 55 58 59
28 1 2 3 17 9 25 10 11 12 13 14 15 16 36 21 22 23 24 28 29 32 33 40 41 42 43 53 54
28 0 8 3 4 5 19 6 7 9 10 15 33 20 21 24 25 26 44 31 32 45 57 48 49 55 56 58 59
28 0 1 2 14 3 4 5 6 13 32 15 33 16 17 18 19 23 43 34 50 35 36 37 38 42 56 57 58
28 0 4 1 11 2 3 10 28 14 15 22 23 26 27 33 34 35 52 41 42 43 44 49 50 51 59 55 56
28 4 5 6 7 12 13 18 19 20 21 22 41 23 43 24 25 28 29 32 33 36 37 42 56 55 59 57 58
28 3 17 9 10 15 16 18 19 20 21 24 25 28 29 32 33 36 37 38 53 39 40 54 55 56 57 58 59
28 7 24 8 9 10 11 12 13 14 15 25 26 31 32 33 34 35 52 38 53 39 40 44 45 54 55 56 57
28 5 6 10 11 12 13 14 15 19 20 21 22 23 43 26 44 35 52 41 42 45 57 48 58 51 59 55 56
28 10 28 11 12 13 14 15 16 17 18 22 41 23 43 29 30 35 36 37 38 39 40 42 56 47 48 57 58
28 0 4 3 17 10 28 18 37 22 23 26 27 29 30 31 32 41 42 43 44 45 46 47 48 49 50 51 52
28 0 4 1 2 3 17 7 8 9 10 11 12 16 36 18 37 22 41 27 28 29 30 31 49 42 56 55 59
28 5 19 6 7 8 9 13 14 15 16 17 18 20 21 24 25 30 47 31 32 33 34 39 40 54 55 56 57
28 0 1 2 14 3 4 13 32 15 33 22 23 26 27 30 31 34 35 38 39 40 41 46 47 48 58 49 50
28 0 4 3 17 10 28 18 37 29 30 31 32 38 53 39 40 47 48 49 50 51 52 54 55 56 57 58 59
28 10 11 14 15 22 41 23 43 26 44 27 28 33 34 35 52 38 53 39 40 42 56 49 50 51 59 54 55
28 7 8 11 12 22 41 23 24 29 30 31 49 34 50 35 52 38 53 39 40 46 47 48 58 51 59 54 55
28 1 11 9 10 12 13 18 19 20 21 24 25 26 44 27 46 28 29 32 33 36 37 45 57 55 56 58 59
28 0 1 2 14 3 4 10 11 15 33 26 44 27 28 34 35 38 39 40 54 49 50 51 59 52 53 55 56
28 10 11 12 13 14 15 22 23 26 27 28 29 30 31 32 33 34 35 38 39 40 41 46 47 48 58 49 50
28 5 6 7 8 11 12 19 20 21 22 23 24 29 30 31 49 34 50 35 52 41 42 43 44 51 59 55 56
28 5 19 6 7 8 9 27 46 30 47 31 49 34 50 35 52 38 53 42 56 45 57 48 58 51 59 54 55
28 5 6 7 8 11 12 19 20 21 22 23 24 29 30 31 49 38 39 40 41 46 47 48 58 53 54 55 59
28 0 8 1 11 4 5 6 21 7 24 9 25 10 28 12 29 13 32 33 34 35 36 40 54 50 51 52 53
28 0 8 3 4 7 24 9 25 10 28 15 16 17 18 29 30 35 52 36 37 47 48 51 59 55 56 57 58
28 0 4 3 17 7 24 8 9 10 28 18 37 25 26 27 46 29 30 31 32 44 45 47 48 49 50 51 52
28 10 11 12 13 14 15 16 17 18 37 26 44 27 28 29 30 35 36 38 39 40 54 51 59 52 53 55 56
28 10 11 12 13 14 15 22 23 26 44 35 52 38 39 40 41 42 43 45 57 48 58 51 59 53 54 55 56
28 0 1 2 3 4 5 8 9 19 20 25 26 27 46 30 47 31 49 38 39 40 41 48 58 53 54 55 59
28 0 1 2 14 3 4 10 11 15 33 26 44 27 28 34 35 38 39 40 54 45 57 46 47 52 53 55 56
28 0 8 1 11 2 14 3 17 4 5 12 29 13 32 15 33 16 36 18 37 19 20 41 42 43 44 45 46
28 5 6 7 8 9 25 19 20 21 22 23 24 26 27 30 31 34 35 38 39 43 44 49 50 51 59 52 53
28 5 6 13 14 17 18 19 20 21 22 23 43 30 47 31 32 37 38 39 40 41 42 48 58 49 50 56 57
28 0 1 2 14 3 4 13 32 17 18 26 27 30 31 37 38 39 40 44 45 46 47 52 53 54 55 56 57
28 5 19 6 21 10 11 12 13 14 15 20 39 26 44 31 32 33 34 35 52 38 53 40 54 45 57 55 56
28 0 1 4 5 6 21 13 32 18 19 20 39 30 47 31 49 33 34 40 54 48 58 50 51 55 59 56 57
28 0 4 1 2 3 17 13 14 18 37 26 44 27 46 30 47 31 32 38 39 40 54 45 57 52 53 55 56
28 0 4 1 11 2 14 3 17 5 19 6 7 8 9 10 28 18 37 20 21 24 25 47 48 49 50 51 52
28 10 11 14 15 16 17 18 37 26 44 27 28 33 34 35 36 38 39 40 54 45 57 46 47 52 53 55 56
28 5 19 8 9 20 39 25 26 27 46 30 31 34 35 38 53 43 44 45 57 47 48 49 50 51 52 58 59
28 0 8 1 11 2 14 3 4 7 24 15 33 34 35 38 39 40 54 44 45 46 47 48 49 50 51 52 53
28 0 4 1 11 10 28 12 13 18 37 26 44 27 46 29 30 35 36 45 57 47 48 51 52 55 56 58 59
28 0 4 1 11 2 14 3 17 5 19 6 21 10 28 18 37 20 39 38 53 40 54 47 48 49 50 51 52
28 0 4 3 17 10 28 15 16 18 37 29 30 35 36 38 53 39 40 47 48 51 52 54 55 56 57 58 59
28 0 4 1 11 2 14 3 17 7 8 15 33 16 36 18 37 22 41 23 24 42 43 44 45 46 47 48 49
28 5 19 6 21 7 8 9 10 11 12 20 39 22 41 23 24 25 26 31 49 38 53 40 54 48 58 55 59
28 0 8 3 17 4 5 6 21 7 24 9 25 10 28 15 16 18 37 19 20 29 30 35 36 47 48 51 52
28 0 1 2 14 6 7 8 9 13 32 15 16 20 21 24 25 33 34 39 40 50 51 54 55 56 57 58 59
28 0 4 3 17 10 28 18 37 26 44 27 46 29 30 31 32 45 57 47 48 49 50 51 52 55 56 58 59
28 0 1 2 3 4 5 6 21 7 8 9 10 11 12 19 20 22 41 23 24 25 26 31 49 48 58 55 59
28 10 28 11 12 13 14 15 33 22 23 26 27 29 30 31 32 34 35 38 39 40 41 42 56 43 44 49 50
28 3 17 9 10 15 16 18 19 20 21 24 25 28 29 32 33 34 35 36 37 38 39 40 54 50 51 52 53
28 10 28 11 12 13 14 15 33 22 23 26 27 29 30 31 32 34 35 38 39 40 41 46 47 52 53 54 55
28 0 4 1 11 2 3 10 28 12 29 13 14 15 16 17 18 30 47 35 36 37 38 39 40 48 58 56 57
28 0 8 1 2 6 7 9 25 13 14 15 16 23 24 32 33 34 50 35 36 37 38 42 43 51 52 53 54
28 5 6 7 8 9 10 11 12 16 17 18 19 23 24 25 26 27 46 28 29 36 37 38 53 54 55 58 59
28 0 1 2 14 3 4 7 8 9 10 11 12 13 32 15 33 22 41 27 28 29 30 31 49 42 56 55 59
28 0 4 1 11 2 3 5 6 10 28 12 29 16 17 18 19 23 43 34 50 42 56 51 59 54 55 57 58
28 2 14 6 7 12 29 13 32 15 33 16 36 20 21 24 25 26 44 27 28 37 38 39 40 45 46 53 54
28 0 8 1 2 3 4 5 6 7 24 9 25 16 17 18 19 23 43 34 50 35 36 37 38 42 56 57 58
28 0 1 4 5 6 21 13 32 22 23 33 34 35 36 40 41 42 43 50 51 52 53 54 55 56 57 58 59
28 0 4 1 11 2 3 10 28 12 29 22 23 26 27 30 31 34 35 38 39 43 44 45 57 46 47 52 53
28 0 1 4 5 6 21 7 8 9 10 11 12 13 32 18 19 20 39 24 25 28 29 33 34 40 54 50 51
28 7 24 8 9 10 11 14 15 25 26 27 28 33 34 35 52 38 53 39 40 44 45 46 47 54 55 56 57
28 10 28 11 12 13 14 15 16 17 18 22 41 23 43 29 30 39 40 42 56 47 48 51 59 54 55 57 58
28 10 11 12 13 14 15 22 41 23 43 26 44 35 52 38 53 39 40 42 56 45 57 48 58 51 59 54 55
28 3 17 9 10 15 16 18 19 20 21 22 41 23 24 25 26 27 46 28 29 32 33 36 37 42 43 44 45
28 1 2 3 17 9 25 16 36 21 22 23 24 30 47 31 49 40 41 42 43 48 58 53 54 55 59 56 57
28 0 8 1 2 6 7 9 25 16 36 23 24 34 35 37 38 42 43 50 51 52 53 54 55 56 57 58 59
28 1 11 9 10 12 13 18 19 20 21 24 25 28 29 32 33 34 50 35 36 37 38 39 40 51 52 53 54
28 10 11 14 15 16 17 18 37 26 44 27 28 33 34 35 36 38 39 40 54 49 50 51 59 52 53 55 56
28 0 1 2 14 3 17 4 5 6 21 13 32 30 31 40 54 47 48 49 50 51 59 52 53 55 56 57 58
28 0 4 3 17 10 28 18 37 29 30 31 32 38 39 40 54 47 48 49 50 51 59 52 53 55 56 57 58
28 5 19 6 7 8 9 20 21 22 23 24 25 26 27 30 31 34 35 38 39 40 41 46 47 48 58 49 50
28 0 4 1 11 2 3 10 28 12 29 22 23 26 27 30 31 34 35 38 39 43 44 49 50 51 59 52 53
28 0 8 1 11 2 14 6 21 7 24 9 25 10 28 12 29 13 32 20 39 37 38 40 54 50 51 52 53
28 7 8 9 10 11 12 22 41 23 24 25 26 31 49 34 35 38 39 40 54 48 58 50 51 52 53 55 59
28 1 11 2 3 9 10 12 29 19 20 21 22 27 28 30 31 34 35 41 42 45 46 47 48 49 50 51 52
28 2 3 4 5 6 7 12 29 16 17 18 19 20 21 22 41 27 28 36 37 42 56 45 46 55 59 57 58
28 5 6 16 17 18 19 20 39 21 22 23 43 26 44 27 46 30 47 31 49 34 50 45 57 48 58 51 59
28 10 11 12 13 14 15 22 23 26 27 28 29 30 31 32 33 34 35 38 39 43 44 45 57 46 47 52 53
28 0 1 2 14 3 17 4 5 8 9 13 32 15 33 16 36 25 26 27 46 40 41 42 43 44 45 53 54
28 0 1 2 14 6 21 13 32 15 16 20 39 26 27 30 31 33 34 40 54 44 45 46 47 48 49 50 51
28 2 14 3 4 5 6 7 24 15 33 19 20 21 22 23 43 25 26 27 28 41 42 44 45 46 47 48 49
28 7 8 9 25 10 11 12 13 14 15 22 41 23 24 26 44 31 32 33 34 35 52 42 43 45 57 55 56
28 0 8 1 2 9 25 16 36 20 39 30 31 34 35 37 38 40 41 42 43 47 48 49 50 51 52 53 54
28 4 5 6 7 12 13 18 19 20 21 24 25 26 27 28 29 30 31 32 33 36 37 44 45 46 47 48 49
28 10 11 12 13 14 15 22 41 23 43 26 44 31 32 33 34 35 52 38 53 39 40 42 56 45 57 54 55
28 5 6 16 17 18 19 23 43 26 27 30 31 34 50 35 36 37 38 42 56 44 45 46 47 48 49 57 58
28 7 8 9 10 11 12 13 32 14 15 22 41 23 24 25 26 31 49 33 34 35 52 48 58 50 51 55 59
28 0 8 1 11 2 14 6 21 7 24 9 25 10 28 12 29 13 32 15 16 20 39 33 34 40 54 50 51
28 5 6 16 17 18 19 23 43 26 44 27 46 30 47 31 49 34 50 35 36 37 38 42 56 45 57 48 58
28 5 19 8 9 20 39 25 26 27 46 30 47 31 49 34 50 35 52 38 53 43 44 45 57 48 58 51 59
28 7 8 9 10 11 12 13 14 15 16 17 18 22 41 31 49 32 33 36 37 42 56 45 57 48 58 55 59
28 10 11 12 13 14 15 22 23 26 27 28 29 30 31 32 33 34 35 38 39 40 41 46 47 52 53 54 55
28 0 1 4 5 6 21 13 32 18 19 20 39 30 31 33 34 40 54 47 48 49 50 51 59 55 56 57 58
28 2 14 6 7 12 13 15 16 20 21 22 23 24 25 28 29 32 33 36 37 38 39 40 41 42 43 53 54
28 0 8 1 11 2 14 3 4 7 24 15 16 17 18 33 34 35 52 36 37 44 45 46 47 48 49 50 51
28 0 8 3 4 7 24 9 10 15 33 22 23 25 26 31 32 38 39 40 41 42 43 44 45 48 49 53 54
28 0 8 1 2 3 17 4 5 9 25 13 32 14 15 16 36 33 34 35 52 40 41 42 43 50 51 53 54
28 1 11 2 3 9 25 10 28 12 29 16 17 18 19 23 24 36 37 38 53 42 43 54 55 56 57 58 59
28 0 8 1 2 3 4 7 24 9 25 22 23 26 27 30 31 34 35 38 39 43 44 45 57 46 47 52 53
28 10 28 11 12 13 14 17 18 26 27 29 30 31 32 37 38 39 40 44 45 46 47 52 53 54 55 56 57
28 5 6 10 11 12 13 14 15 19 20 21 22 23 43 26 44 31 32 33 34 35 52 41 42 45 57 55 56
28 0 8 3 4 7 24 15 33 29 30 31 32 38 53 39 40 44 45 46 47 48 49 54 55 56 57 58 59
28 7 24 8 9 10 11 12 13 14 15 22 23 25 26 31 32 33 34 35 52 41 42 43 44 45 57 55 56
28 0 4 1 11 2 3 5 19 8 9 10 28 12 29 20 39 25 26 27 46 38 53 40 41 54 55 58 59
28 0 4 1 11 2 3 10 28 12 29 13 14 15 16 17 18 30 47 39 40 48 58 51 59 54 55 56 57
28 0 8 1 11 2 14 3 17 4 5 6 21 7 24 9 25 10 28 12 29 13 32 40 54 50 51 52 53
28 0 4 1 11 2 3 5 19 8 9 10 28 12 29 20 39 25 26 27 46 38 53 43 44 45 57 58 59
28 5 19 8 9 16 36 17 18 20 39 25 26 27 46 34 35 37 38 40 41 50 51 52 53 54 55 58 59
28 10 11 14 15 16 36 17 18 26 44 27 28 33 34 35 52 37 38 39 40 49 50 51 59 53 54 55 56
28 5 19 6 7 8 9 13 14 15 16 17 18 20 21 24 25 30 47 39 40 48 58 51 59 54 55 56 57
28 3 17 9 10 15 33 16 36 18 37 19 20 21 22 23 43 24 25 28 29 30 47 31 32 41 42 48 49
28 0 8 3 4 5 6 7 24 15 33 16 17 18 19 20 21 29 30 31 32 36 37 44 45 46 47 48 49
28 5 19 6 7 8 9 27 46 30 31 34 35 38 53 42 56 45 57 47 48 49 50 51 52 54 55 58 59
28 0 1 4 5 6 21 13 32 18 19 20 39 22 23 33 34 40 41 42 43 50 51 54 55 56 57 58 59
28 2 3 4 5 6 7 12 29 19 20 21 22 27 28 38 39 40 41 42 56 45 46 53 54 55 59 57 58
28 2 14 3 4 5 19 6 21 7 24 12 13 15 33 20 39 25 26 31 32 38 53 40 54 44 45 48 49
28 0 4 1 11 5 6 10 28 18 19 20 21 26 27 33 34 35 52 36 37 44 45 46 47 48 49 50 51
28 0 8 1 2 3 4 7 24 9 25 22 23 26 27 30 31 34 35 38 39 43 44 49 50 51 59 52 53
28 5 6 10 11 12 29 16 17 18 19 20 39 21 22 23 43 26 44 27 28 34 50 45 46 51 59 57 58
28 0 8 3 4 7 24 9 10 15 33 16 36 17 18 25 26 31 32 37 38 39 40 44 45 48 49 53 54
28 2 14 3 4 5 19 6 7 15 33 20 21 24 25 26 44 27 28 45 57 46 47 48 49 55 56 58 59
28 5 6 10 11 12 13 14 15 16 17 18 19 20 21 28 29 30 47 39 40 48 58 51 59 54 55 56 57
28 5 19 6 21 10 28 11 12 13 14 15 16 17 18 20 39 29 30 40 54 47 48 51 59 55 56 57 58
28 5 6 7 8 9 10 11 12 16 17 18 19 20 39 21 22 23 43 24 25 28 29 34 50 51 59 57 58
28 0 1 2 14 6 7 8 9 13 32 20 39 21 22 23 43 24 25 37 38 40 54 41 42 50 51 52 53
28 7 8 9 10 11 12 22 41 31 49 34 35 38 39 40 54 42 56 45 57 48 58 50 51 52 53 55 59
28 5 19 6 7 8 9 20 21 22 23 24 25 26 27 30 31 34 35 38 39 40 41 46 47 52 53 54 55
28 0 1 4 5 6 21 13 32 22 41 23 43 33 34 35 36 40 54 42 56 50 51 52 53 55 59 57 58
28 0 4 1 11 5 19 6 21 10 28 18 37 20 39 33 34 35 36 38 53 40 54 47 48 49 50 51 52
28 5 19 6 7 8 9 16 17 18 37 27 46 34 50 35 36 38 53 42 56 45 57 51 52 54 55 58 59
28 0 1 2 14 3 17 4 5 6 21 13 32 26 27 30 31 40 54 44 45 46 47 48 49 50 51 52 53
28 0 4 1 11 2 3 10 28 12 29 13 14 17 18 30 47 31 32 37 38 39 40 52 53 54 55 56 57
28 0 8 1 2 3 4 5 19 6 7 9 10 11 12 20 21 22 41 23 24 25 26 31 49 48 58 55 59
28 0 8 1 2 9 25 16 36 20 39 34 35 37 38 40 41 42 43 50 51 52 53 54 55 56 57 58 59
28 0 4 1 11 5 6 10 28 18 19 20 21 33 34 35 36 37 38 39 40 47 48 49 50 51 52 53 54
28 10 11 12 13 14 15 22 41 23 43 26 44 27 28 29 30 35 52 38 53 39 40 42 56 51 59 54 55
28 0 4 1 2 3 17 5 19 8 9 16 36 18 37 20 39 25 26 27 46 38 53 43 44 45 57 58 59
28 0 8 1 2 6 7 9 25 13 32 14 15 16 36 23 24 33 34 35 52 37 38 42 43 50 51 53 54
28 5 19 8 9 20 39 25 26 27 46 30 31 34 35 38 53 40 41 47 48 49 50 51 52 54 55 58 59
28 0 8 1 2 3 4 5 19 6 7 9 10 11 12 27 46 28 29 38 53 42 56 45 57 54 55 58 59
28 5 6 16 17 18 19 20 39 21 22 23 43 26 27 30 31 34 50 44 45 46 47 48 49 51 59 57 58
28 5 19 6 7 8 9 13 14 15 16 17 18 23 43 24 25 32 33 34 50 35 36 37 38 42 56 57 58
28 0 4 1 11 2 14 3 17 7 24 8 9 10 28 18 37 25 26 27 46 44 45 47 48 49 50 51 52
28 7 8 9 10 11 12 13 14 15 33 22 41 23 24 25 26 31 32 34 35 48 58 49 50 51 52 55 59
28 0 1 2 14 3 4 10 11 12 13 15 16 17 18 26 44 31 32 33 34 35 52 36 37 45 57 55 56
28 0 1 2 3 4 5 6 21 16 17 22 23 26 27 34 50 35 36 43 44 45 46 51 59 52 53 57 58
28 5 6 7 8 9 10 11 12 16 17 18 19 20 21 22 41 27 28 29 30 31 49 36 37 42 56 55 59
28 0 4 1 11 10 28 18 37 26 44 27 46 33 34 35 36 45 57 47 48 49 50 51 52 55 56 58 59
28 0 1 2 14 3 17 4 5 6 21 7 8 9 25 13 32 22 41 23 24 40 54 42 43 50 51 52 53
28 5 19 6 7 8 9 10 11 12 13 14 15 20 21 22 41 31 49 32 33 42 56 45 57 48 58 55 59
28 7 24 8 9 10 11 12 29 22 23 25 26 27 28 30 31 34 35 38 39 43 44 45 57 46 47 52 53
28 0 1 2 3 4 5 6 21 19 20 22 23 26 27 30 31 34 35 38 39 40 41 42 56 43 44 49 50
28 0 4 3 17 10 28 18 37 22 41 23 43 29 30 31 32 42 56 47 48 49 50 51 52 55 59 57 58
28 7 8 9 25 10 11 12 13 14 15 22 41 23 24 26 44 27 28 29 30 35 52 42 43 51 59 55 56
28 0 1 2 14 3 4 10 11 12 13 15 16 17 18 26 44 35 52 36 37 45 57 48 58 51 59 55 56
28 0 4 1 2 3 17 5 6 13 14 15 16 18 19 23 43 32 33 34 50 42 56 51 59 54 55 57 58
28 0 4 1 2 3 17 16 36 18 37 22 23 26 27 30 31 34 35 38 39 40 41 46 47 48 58 49 50
28 0 8 3 4 7 24 15 33 29 30 31 32 34 35 38 39 40 54 44 45 46 47 48 49 50 51 52 53
28 0 1 2 3 4 5 6 7 8 9 16 17 18 19 20 39 21 22 23 43 24 25 34 50 51 59 57 58
28 10 11 12 13 14 15 16 36 17 18 26 44 27 28 29 30 35 52 37 38 39 40 51 59 53 54 55 56
28 5 19 6 7 8 9 10 11 12 13 14 15 20 21 22 41 27 28 29 30 31 49 32 33 42 56 55 59
28 0 8 1 2 3 4 5 6 7 24 9 25 16 17 18 19 23 43 34 50 42 56 51 59 54 55 57 58
28 5 6 16 17 21 22 23 43 26 27 30 31 34 50 35 36 44 45 46 47 48 49 51 59 52 53 57 58
28 1 11 9 10 12 13 18 19 20 21 24 25 28 29 30 31 32 33 34 35 36 37 47 48 49 50 51 52
28 10 11 12 13 14 15 16 17 18 37 26 44 31 32 33 34 35 36 38 39 40 54 45 57 52 53 55 56
28 0 8 1 2 9 25 10 28 11 12 16 36 20 39 29 30 31 49 37 38 40 41 42 43 47 48 53 54
28 5 6 16 17 18 19 23 43 26 27 30 31 34 50 42 56 44 45 46 47 48 49 51 59 54 55 57 58
28 2 14 6 21 7 24 12 13 15 16 20 39 25 26 27 46 28 29 32 33 36 37 38 53 40 54 44 45
28 0 4 3 17 7 8 9 10 15 16 18 37 24 25 28 29 30 47 35 36 48 58 51 52 55 59 56 57
28 0 4 1 2 3 17 16 36 18 37 22 23 26 27 30 31 34 35 38 39 43 44 45 57 46 47 52 53
28 0 4 3 17 7 8 9 25 10 28 15 16 18 37 22 41 23 24 29 30 35 36 42 43 47 48 51 52
28 0 8 1 11 2 14 3 4 7 24 15 33 34 50 35 52 44 45 46 47 48 49 51 59 55 56 57 58
28 0 1 2 14 3 4 7 8 9 10 11 12 13 32 15 33 22 41 31 49 42 56 45 57 48 58 55 59
28 0 8 1 2 3 17 4 5 11 12 16 36 18 37 19 20 29 30 31 49 41 42 43 44 45 46 47 48
28 0 1 2 3 4 5 6 21 13 14 15 16 17 18 19 20 30 47 39 40 48 58 51 59 54 55 56 57
28 0 8 1 2 3 4 7 24 9 25 10 11 12 13 14 15 26 44 31 32 33 34 35 52 45 57 55 56
28 5 6 13 32 14 15 16 17 18 19 23 43 26 44 27 46 33 34 42 56 45 57 50 51 54 55 58 59
28 0 8 1 2 6 7 9 25 13 14 15 33 16 36 23 24 30 47 31 32 37 38 42 43 48 49 53 54
28 0 4 1 11 2 3 7 8 12 13 14 15 22 41 23 24 29 30 31 49 32 33 46 47 48 58 55 59
28 5 6 7 8 9 25 19 20 21 22 23 24 26 27 30 31 34 35 38 39 40 41 46 47 48 58 49 50
28 0 4 1 2 3 17 10 11 12 13 14 15 16 36 18 37 26 44 31 32 33 34 35 52 45 57 55 56
28 0 1 4 5 6 21 13 32 18 19 20 39 22 41 23 43 33 34 40 54 42 56 50 51 55 59 57 58
28 5 6 10 11 12 29 16 17 21 22 23 43 26 44 27 28 34 50 35 36 40 41 42 56 45 46 57 58
28 0 1 2 14 6 7 8 9 13 32 15 16 20 39 21 22 23 43 24 25 33 34 40 54 41 42 50 51
28 0 8 3 4 7 24 9 25 10 28 15 16 17 18 29 30 35 36 37 38 39 40 47 48 51 52 53 54
28 0 1 2 14 3 4 10 11 15 33 22 41 23 43 26 44 27 28 34 35 42 56 49 50 51 52 55 59
28 3 17 9 10 15 16 18 19 20 21 24 25 28 29 32 33 34 50 35 36 37 38 39 40 51 52 53 54
28 5 6 10 11 12 29 16 17 21 22 23 43 26 44 27 28 34 50 35 36 45 46 51 59 52 53 57 58
28 2 3 4 5 12 29 13 14 15 33 19 20 25 26 27 28 30 47 31 32 41 42 43 44 45 46 48 49
28 5 19 6 7 8 9 10 11 12 13 14 15 20 21 24 25 26 44 27 28 29 30 35 52 51 59 55 56
28 1 2 3 17 9 25 16 36 18 19 23 24 30 47 31 49 37 38 42 43 48 58 53 54 55 59 56 57
28 0 1 4 5 6 21 10 11 12 29 13 32 18 19 20 39 26 44 27 28 33 34 40 54 45 46 50 51
28 7 8 11 12 13 14 15 33 22 41 23 24 29 30 31 32 38 53 39 40 46 47 48 49 54 55 58 59
28 0 4 1 11 7 8 9 10 18 37 24 25 26 44 27 28 33 34 35 36 45 46 47 48 49 50 51 52
28 5 6 7 8 9 10 11 12 16 17 18 19 23 43 24 25 28 29 34 50 35 36 37 38 42 56 57 58
28 2 3 4 5 6 7 12 29 19 20 21 22 27 28 38 53 39 40 41 42 45 46 54 55 56 57 58 59
28 5 19 6 21 13 14 17 18 20 39 26 44 27 46 30 47 31 32 37 38 40 54 45 57 52 53 55 56
28 2 14 3 4 5 19 6 7 12 29 13 32 15 33 20 39 21 22 27 28 38 53 40 54 41 42 45 46
28 0 1 2 14 6 21 10 28 11 12 13 32 20 39 29 30 31 49 37 38 40 54 47 48 50 51 52 53
28 7 8 9 25 13 32 14 15 22 41 23 24 26 27 30 31 33 34 35 52 38 53 39 40 46 47 54 55
28 0 8 1 2 9 25 16 36 20 39 26 44 27 46 37 38 40 41 42 43 45 57 53 54 55 56 58 59
28 5 6 7 8 9 10 11 12 16 17 18 19 20 21 22 41 23 24 25 26 31 49 36 37 48 58 55 59
28 0 4 1 2 3 17 5 6 13 14 15 16 18 19 20 39 21 22 23 43 32 33 34 50 51 59 57 58
28 0 1 4 5 6 21 10 11 12 13 18 19 20 39 28 29 30 47 31 32 33 34 40 54 48 49 50 51
28 10 28 11 12 13 14 15 33 22 23 26 27 29 30 31 32 34 35 38 39 40 41 46 47 48 58 49 50
28 7 8 11 12 13 32 14 15 22 41 23 24 29 30 31 49 33 34 35 52 46 47 48 58 50 51 55 59
28 0 4 1 11 2 14 3 17 7 8 9 10 18 37 24 25 26 44 27 28 45 46 47 48 49 50 51 52
28 5 6 10 11 14 15 19 20 21 22 23 43 26 44 27 28 33 34 35 52 41 42 49 50 51 59 55 56
28 7 8 11 12 13 14 15 16 17 18 22 41 23 24 29 30 31 49 32 33 36 37 46 47 48 58 55 59
28 0 1 2 14 6 21 10 11 12 29 13 32 20 39 26 44 27 28 37 38 40 54 45 46 50 51 52 53
28 0 4 1 11 2 3 7 8 9 10 12 13 14 15 24 25 26 44 27 28 29 30 35 52 51 59 55 56
28 0 8 1 2 9 25 13 14 15 16 20 39 32 33 36 37 38 53 40 41 42 43 54 55 56 57 58 59
28 0 8 1 2 3 4 7 24 9 25 22 23 26 27 30 31 34 35 38 39 40 41 46 47 52 53 54 55
28 7 24 8 9 10 11 12 29 22 23 25 26 27 28 30 31 34 35 38 39 40 41 46 47 52 53 54 55
28 0 1 2 14 3 4 7 8 9 10 11 12 13 32 15 33 22 41 23 24 25 26 31 49 48 58 55 59
28 5 6 7 8 9 25 19 20 21 22 23 24 26 27 30 31 34 35 38 39 40 41 46 47 52 53 54 55
28 1 11 2 3 12 29 19 20 21 22 23 24 30 47 31 49 41 42 43 44 45 46 48 58 55 59 56 57
28 0 8 1 11 2 3 4 5 12 29 19 20 38 53 39 40 41 42 43 44 45 46 54 55 56 57 58 59
28 5 19 6 7 8 9 16 36 17 18 23 24 25 26 27 46 34 35 37 38 50 51 52 53 54 55 58 59
28 5 19 6 7 8 9 10 11 14 15 20 21 24 25 26 44 27 28 33 34 35 52 49 50 51 59 55 56
28 0 1 4 5 6 21 7 24 8 9 13 32 18 19 20 39 25 26 27 46 33 34 40 54 44 45 50 51
28 0 1 2 14 3 17 4 5 6 21 13 32 26 44 27 46 40 54 45 57 50 51 52 53 55 56 58 59
28 0 4 1 11 2 14 3 17 10 28 18 37 38 39 40 54 47 48 49 50 51 59 52 53 55 56 57 58
28 7 8 9 10 11 12 22 23 24 25 26 27 28 29 30 31 34 35 38 39 43 44 49 50 51 59 52 53
28 5 19 6 7 8 9 16 36 17 18 23 43 24 25 30 31 34 35 37 38 42 56 47 48 49 50 57 58
28 0 1 2 3 4 5 6 21 13 14 15 16 17 18 19 20 30 47 31 32 33 34 39 40 54 55 56 57
28 7 8 9 10 11 12 22 23 24 25 26 27 28 29 30 31 34 35 38 39 40 41 46 47 48 58 49 50
28 0 8 1 11 2 14 3 17 4 5 9 25 10 28 12 29 13 32 15 33 16 36 40 41 42 43 53 54
28 0 8 1 11 2 3 4 5 12 29 19 20 38 39 40 41 42 56 43 44 45 46 53 54 55 59 57 58
28 1 11 2 3 12 29 13 14 15 16 17 18 19 20 21 22 23 24 32 33 36 37 41 42 43 44 45 46
28 1 11 9 10 12 13 18 19 20 21 22 23 24 25 26 27 28 29 32 33 36 37 41 42 43 44 45 46
28 7 8 9 10 11 12 16 17 18 37 22 41 27 28 29 30 31 49 34 50 35 36 42 56 51 52 55 59
28 5 6 10 11 12 29 19 20 21 22 23 43 26 44 27 28 30 31 34 35 38 39 49 50 51 59 52 53
28 2 3 4 5 6 7 12 29 16 36 17 18 19 20 21 22 27 28 37 38 39 40 41 42 45 46 53 54
28 2 14 3 4 5 19 6 7 12 29 13 32 15 33 20 21 22 41 27 28 42 56 45 46 55 59 57 58
28 7 24 8 9 10 11 14 15 22 23 25 26 27 28 33 34 35 52 41 42 43 44 45 57 46 47 55 56
28 5 19 6 21 10 11 14 15 20 39 26 44 27 28 33 34 35 52 38 53 40 54 45 57 46 47 55 56
28 2 3 4 5 12 29 19 20 25 26 27 28 30 31 41 42 43 44 45 57 46 47 48 49 55 56 58 59
28 10 11 12 13 14 15 16 17 18 37 26 44 35 36 38 39 40 54 45 57 48 58 51 59 52 53 55 56
28 0 8 1 11 2 14 3 4 7 24 15 33 34 35 44 45 46 47 48 58 49 50 51 52 55 59 56 57
28 0 4 1 11 2 3 7 8 9 10 14 15 24 25 26 44 27 28 33 34 35 52 45 57 46 47 55 56
28 0 4 1 11 2 3 7 8 9 10 12 13 14 15 24 25 26 44 35 52 45 57 48 58 51 59 55 56
28 0 8 3 4 7 24 15 33 22 23 29 30 31 32 38 39 40 41 42 43 44 45 46 47 48 49 53 54
28 1 11 2 3 9 10 12 29 19 20 21 22 27 28 38 53 39 40 41 42 45 46 54 55 56 57 58 59
28 0 1 2 3 4 5 6 21 10 11 14 15 19 20 26 44 27 28 33 34 35 52 49 50 51 59 55 56
28 0 4 3 17 10 28 18 37 22 23 29 30 31 32 38 39 40 41 42 43 47 48 49 50 51 52 53 54
28 7 8 9 25 13 14 15 16 17 18 22 41 23 24 30 47 35 36 37 38 39 40 42 43 48 58 56 57
28 0 1 2 14 6 21 7 8 9 25 13 32 20 39 22 41 23 24 37 38 40 54 42 43 50 51 52 53
28 5 19 8 9 20 39 25 26 27 46 30 47 31 49 34 50 35 52 38 53 40 41 48 58 51 59 54 55
28 2 14 6 7 12 13 15 16 20 21 24 25 28 29 32 33 34 50 35 52 36 37 51 59 55 56 57 58
28 1 2 3 17 9 25 16 36 18 19 23 24 30 31 34 35 37 38 42 43 47 48 49 50 51 52 53 54
28 2 3 4 5 6 7 12 29 19 20 21 22 27 28 30 47 31 49 41 42 45 46 48 58 55 59 56 57
28 0 4 1 11 2 14 3 17 10 28 18 37 38 53 39 40 47 48 49 50 51 52 54 55 56 57 58 59
28 0 1 2 14 6 21 13 32 20 39 30 47 31 49 37 38 40 54 48 58 50 51 52 53 55 59 56 57
28 7 8 9 25 13 14 15 16 17 18 22 41 23 24 30 47 39 40 42 43 48 58 51 59 54 55 56 57
28 0 4 1 11 2 3 7 8 9 10 12 13 14 15 24 25 26 44 31 32 33 34 35 52 45 57 55 56
28 5 6 13 14 15 16 17 18 19 20 21 22 23 43 30 47 39 40 41 42 48 58 51 59 54 55 56 57
28 0 4 1 11 2 3 7 8 9 10 12 13 14 15 22 41 23 24 25 26 31 49 32 33 48 58 55 59
28 2 3 4 5 6 7 12 29 13 32 14 15 19 20 21 22 27 28 33 34 35 52 41 42 45 46 50 51
28 0 8 1 2 3 17 4 5 9 25 10 11 12 29 16 36 26 44 27 28 40 41 42 43 45 46 53 54
28 2 14 3 4 7 24 15 16 17 18 25 26 27 28 33 34 35 52 36 37 44 45 46 47 48 49 50 51
28 0 8 3 4 7 24 9 10 15 33 25 26 31 32 34 50 35 52 44 45 48 49 51 59 55 56 57 58
28 1 2 3 17 9 25 10 28 11 12 16 36 18 19 23 24 29 30 31 49 37 38 42 43 47 48 53 54
28 1 11 2 3 12 29 13 32 14 15 19 20 21 22 23 24 33 34 35 52 41 42 43 44 45 46 50 51
28 0 8 1 2 6 7 9 25 16 36 23 24 26 27 30 31 37 38 42 43 44 45 46 47 48 49 53 54
28 0 1 2 14 3 17 4 5 6 21 13 32 30 47 31 49 40 54 48 58 50 51 52 53 55 59 56 57
28 1 11 2 3 9 10 12 29 13 14 15 33 19 20 21 22 27 28 30 47 31 32 41 42 45 46 48 49
28 0 8 1 2 6 7 9 25 16 36 23 24 34 50 35 52 37 38 42 43 51 59 53 54 55 56 57 58
28 5 6 10 28 11 12 16 17 21 22 23 43 29 30 31 49 34 50 35 36 40 41 42 56 47 48 57 58
28 5 19 6 21 13 14 17 18 20 39 22 23 30 47 31 32 37 38 40 41 42 43 52 53 54 55 56 57
28 7 8 11 12 22 41 23 24 29 30 31 49 34 35 38 39 40 54 42 56 43 44 50 51 52 53 55 59
28 0 4 1 2 3 17 5 6 13 14 15 16 21 22 23 43 32 33 34 50 35 36 51 59 52 53 57 58
28 0 8 1 11 2 14 3 4 7 24 15 33 38 53 39 40 44 45 46 47 48 49 54 55 56 57 58 59
28 5 6 10 11 12 13 14 15 16 17 18 19 20 39 21 22 23 43 28 29 32 33 34 50 51 59 57 58
28 0 1 2 3 4 5 6 21 16 17 22 23 30 47 31 49 34 50 35 36 40 41 42 43 48 58 56 57
28 4 5 6 7 12 13 18 19 20 21 24 25 28 29 32 33 34 50 35 36 37 38 39 40 51 52 53 54
28 5 19 6 7 8 9 13 14 15 33 27 46 30 47 31 32 38 53 42 56 45 57 48 49 54 55 58 59
28 4 5 6 7 12 13 18 19 20 39 21 22 23 43 24 25 28 29 32 33 36 37 38 53 40 54 41 42
28 0 4 1 11 7 8 9 25 10 28 12 13 18 37 22 41 23 24 29 30 35 36 42 43 47 48 51 52
28 0 4 1 2 3 17 16 36 18 37 22 23 26 27 30 31 34 35 38 39 43 44 49 50 51 59 52 53
28 0 8 1 11 2 3 4 5 12 13 14 15 19 20 29 30 31 49 32 33 41 42 43 44 45 46 47 48
28 5 19 6 21 13 14 15 16 17 18 20 39 26 44 27 46 30 47 40 54 45 57 48 58 51 59 55 56
28 5 19 6 21 13 14 15 16 17 18 20 39 22 23 30 47 35 36 37 38 40 41 42 43 48 58 56 57
28 7 8 9 10 11 12 22 41 23 24 25 26 31 49 34 50 35 52 38 53 39 40 48 58 51 59 54 55
28 2 14 3 4 7 24 15 33 25 26 27 28 38 53 39 40 44 45 46 47 48 49 54 55 56 57 58 59
28 5 19 6 21 13 14 15 16 17 18 20 39 22 23 30 47 40 41 42 43 48 58 51 59 54 55 56 57
28 7 24 8 9 10 11 12 13 14 15 22 23 25 26 27 28 29 30 35 52 41 42 43 44 51 59 55 56
28 5 6 10 11 12 29 19 20 21 22 23 43 26 44 27 28 30 31 34 35 38 39 45 57 46 47 52 53
28 0 4 1 11 5 6 10 28 18 19 20 21 33 34 35 52 36 37 47 48 49 50 51 59 55 56 57 58
28 5 19 8 9 16 36 17 18 20 39 25 26 27 46 34 35 37 38 43 44 45 57 50 51 52 53 58 59
28 0 1 2 14 6 21 7 8 9 10 11 12 13 32 15 16 20 39 24 25 28 29 33 34 40 54 50 51
28 5 6 13 32 14 15 16 17 21 22 23 43 30 31 33 34 35 36 47 48 49 50 51 59 52 53 57 58
28 5 19 6 7 8 9 10 11 12 13 14 15 20 21 24 25 26 44 31 32 33 34 35 52 45 57 55 56
28 5 19 8 9 13 14 15 16 17 18 20 39 25 26 27 46 32 33 36 37 38 53 40 41 54 55 58 59
28 5 19 6 7 8 9 13 14 15 16 17 18 23 43 24 25 32 33 34 50 42 56 51 59 54 55 57 58
28 0 4 1 2 3 17 10 11 12 13 14 15 16 36 18 37 26 44 35 52 45 57 48 58 51 59 55 56
28 0 8 1 2 3 4 7 24 9 25 13 14 17 18 30 47 31 32 37 38 39 40 48 58 49 50 56 57
28 0 1 2 14 6 21 13 32 15 16 20 39 22 23 26 27 33 34 40 54 41 42 43 44 45 46 50 51
28 7 8 9 10 11 12 13 32 14 15 22 41 27 28 29 30 31 49 33 34 35 52 42 56 50 51 55 59
28 7 8 11 12 16 17 18 37 22 41 23 24 29 30 31 49 34 50 35 36 42 56 43 44 51 52 55 59
28 1 11 2 3 9 10 12 29 19 20 21 22 27 28 38 39 40 41 42 56 45 46 53 54 55 59 57 58
28 5 6 13 32 14 15 16 17 18 19 20 39 21 22 23 43 30 31 33 34 47 48 49 50 51 59 57 58
28 0 1 2 3 4 5 6 21 19 20 22 23 26 27 30 31 34 35 38 39 43 44 45 57 46 47 52 53
28 0 8 1 2 3 17 4 5 9 25 16 36 34 50 35 52 40 41 42 43 51 59 53 54 55 56 57 58
28 7 8 11 12 13 32 14 15 22 41 23 24 29 30 31 49 33 34 35 52 42 56 43 44 50 51 55 59
28 5 19 6 7 8 9 16 36 17 18 23 24 25 26 27 46 30 47 31 49 37 38 48 58 53 54 55 59
28 0 8 3 4 7 24 15 33 29 30 31 32 34 50 35 52 44 45 46 47 48 49 51 59 55 56 57 58
28 2 3 4 5 6 7 12 29 19 20 21 22 27 28 30 31 34 35 41 42 45 46 47 48 49 50 51 52
28 0 8 1 2 3 4 7 24 9 25 13 14 15 16 17 18 30 47 35 36 37 38 39 40 48 58 56 57
28 7 8 9 10 11 12 22 41 31 49 34 50 35 52 38 53 39 40 42 56 45 57 48 58 51 59 54 55
28 0 8 1 11 2 3 4 5 12 29 13 14 15 16 17 18 19 20 32 33 36 37 41 42 43 44 45 46
28 0 1 2 14 3 17 4 5 6 21 13 32 22 23 40 41 42 43 50 51 52 53 54 55 56 57 58 59
28 5 6 10 11 14 15 16 17 18 19 20 21 26 44 27 28 33 34 35 52 36 37 45 57 46 47 55 56
28 0 1 2 3 4 5 6 21 19 20 22 23 26 27 30 31 34 35 38 39 40 41 46 47 52 53 54 55
28 5 6 7 8 11 12 16 17 18 19 20 21 22 41 23 24 29 30 31 49 36 37 46 47 48 58 55 59
28 0 4 1 11 5 6 10 28 18 37 19 20 21 22 23 43 33 34 35 36 41 42 47 48 49 50 51 52
28 5 6 7 8 9 25 16 17 21 22 23 24 26 27 34 50 35 36 43 44 45 46 51 59 52 53 57 58
28 0 8 1 11 2 3 4 5 12 29 16 36 17 18 19 20 37 38 39 40 41 42 43 44 45 46 53 54
28 0 4 1 11 10 28 18 37 26 27 33 34 35 36 38 39 40 54 44 45 46 47 48 49 50 51 52 53
28 5 19 8 9 16 17 18 37 20 39 25 26 27 46 34 50 35 36 38 53 43 44 45 57 51 52 58 59
28 7 8 9 10 11 12 13 14 15 16 17 18 24 25 28 29 30 47 31 32 33 34 39 40 54 55 56 57
28 0 8 1 11 2 14 3 17 4 5 6 21 7 24 15 33 16 36 18 37 19 20 44 45 46 47 48 49
28 5 19 6 21 13 14 15 16 17 18 20 39 26 44 27 46 30 47 31 32 33 34 40 54 45 57 55 56
28 5 6 10 28 11 12 16 17 21 22 23 43 29 30 31 49 34 50 35 36 47 48 51 59 52 53 57 58
28 0 1 2 3 4 5 6 21 7 8 11 12 19 20 22 41 23 24 29 30 31 49 46 47 48 58 55 59
28 5 6 7 8 9 25 16 17 21 22 23 24 26 27 34 50 35 36 40 41 42 56 43 44 45 46 57 58
28 7 8 9 10 11 12 13 32 14 15 22 41 31 49 33 34 35 52 42 56 45 57 48 58 50 51 55 59
28 0 4 3 17 7 8 9 10 15 16 18 37 24 25 26 44 27 28 29 30 35 36 45 46 47 48 51 52
28 0 8 1 11 2 3 4 5 12 29 16 17 18 37 19 20 34 50 35 36 41 42 43 44 45 46 51 52
28 5 19 8 9 16 36 17 18 20 39 25 26 27 46 30 47 31 49 37 38 40 41 48 58 53 54 55 59
28 0 1 2 14 3 4 10 11 12 13 17 18 28 29 30 47 31 32 37 38 39 40 52 53 54 55 56 57
28 1 11 2 3 12 29 19 20 21 22 23 24 30 31 34 35 41 42 43 44 45 46 47 48 49 50 51 52
28 0 4 1 11 2 14 3 17 10 28 18 37 22 23 26 27 41 42 43 44 45 46 47 48 49 50 51 52
28 0 8 3 4 5 6 7 24 9 10 15 33 19 20 21 22 23 43 25 26 31 32 41 42 44 45 48 49
28 0 1 2 14 6 21 10 28 11 12 13 32 15 16 20 39 29 30 31 49 33 34 40 54 47 48 50 51
28 0 8 1 11 2 14 3 4 7 24 15 33 22 41 23 43 42 56 44 45 46 47 48 49 55 59 57 58
28 5 6 13 14 15 33 16 17 18 19 20 39 21 22 23 43 30 47 31 32 34 50 48 49 51 59 57 58
28 0 8 1 2 3 4 7 24 9 25 13 14 15 16 17 18 30 47 39 40 48 58 51 59 54 55 56 57
28 0 8 1 2 9 25 10 11 12 29 16 36 20 39 26 44 27 28 37 38 40 41 42 43 45 46 53 54
28 0 8 1 11 2 14 3 4 7 24 15 33 22 23 38 39 40 41 42 43 44 45 46 47 48 49 53 54
28 0 4 1 2 3 17 5 6 13 14 18 19 20 21 30 47 31 32 37 38 39 40 52 53 54 55 56 57
28 7 8 9 10 11 12 13 14 17 18 24 25 28 29 30 47 31 32 37 38 39 40 52 53 54 55 56 57
28 0 4 1 11 10 28 18 37 33 34 35 36 38 53 39 40 47 48 49 50 51 52 54 55 56 57 58 59
28 0 4 1 11 10 28 18 37 26 27 33 34 35 36 44 45 46 47 48 58 49 50 51 52 55 59 56 57
28 2 3 4 5 12 29 19 20 25 26 27 28 34 50 35 52 41 42 43 44 45 46 51 59 55 56 57 58
28 0 8 1 11 2 3 4 5 12 29 19 20 34 50 35 52 41 42 43 44 45 46 51 59 55 56 57 58
28 5 6 7 8 9 25 19 20 21 22 23 24 26 27 30 31 34 35 38 39 40 41 42 56 43 44 49 50
28 0 8 1 11 2 3 4 5 12 29 19 20 34 35 38 39 40 54 41 42 43 44 45 46 50 51 52 53
28 0 1 2 14 6 21 13 32 20 39 26 27 30 31 37 38 40 54 44 45 46 47 48 49 50 51 52 53
28 0 1 2 14 3 17 4 5 6 21 13 32 22 23 30 31 40 41 42 43 47 48 49 50 51 52 53 54
28 2 14 3 4 7 24 15 33 25 26 27 28 34 35 44 45 46 47 48 58 49 50 51 52 55 59 56 57
28 5 19 6 21 13 14 15 16 17 18 20 39 22 23 30 47 31 32 33 34 40 41 42 43 54 55 56 57
28 0 1 2 3 4 5 6 21 16 17 18 19 20 39 22 23 26 27 34 50 43 44 45 46 51 59 57 58
28 5 19 6 7 8 9 10 11 12 29 20 21 22 41 27 28 30 31 34 35 42 56 49 50 51 52 55 59
28 0 4 1 11 10 28 12 13 18 37 26 27 29 30 35 36 44 45 46 47 48 58 51 52 55 59 56 57
28 0 1 2 14 6 21 13 32 20 39 22 23 26 27 37 38 40 54 41 42 43 44 45 46 50 51 52 53
28 7 8 9 10 11 12 13 14 15 33 22 41 31 32 34 35 42 56 45 57 48 58 49 50 51 52 55 59
28 7 8 9 10 11 12 13 14 15 16 17 18 24 25 26 44 31 32 33 34 35 52 36 37 45 57 55 56
28 1 11 2 3 12 29 19 20 21 22 23 24 34 35 38 39 40 54 41 42 43 44 45 46 50 51 52 53
28 1 11 2 3 9 10 12 29 13 14 15 16 17 18 19 20 21 22 27 28 32 33 36 37 41 42 45 46
28 0 8 1 2 3 4 5 19 6 7 9 10 11 12 20 39 21 22 27 46 28 29 38 53 45 57 58 59
28 0 1 2 14 3 4 5 6 13 32 15 33 16 17 18 19 23 43 34 50 42 56 51 59 54 55 57 58
28 0 8 1 2 3 4 5 19 6 7 9 10 11 12 20 21 22 41 27 28 29 30 31 49 42 56 55 59
28 7 8 9 10 11 12 13 14 15 16 17 18 22 41 27 28 29 30 31 49 32 33 36 37 42 56 55 59
28 1 2 3 17 9 25 16 36 21 22 23 24 34 50 35 52 40 41 42 43 51 59 53 54 55 56 57 58
28 7 8 11 12 16 17 18 37 22 41 23 24 29 30 31 49 34 50 35 36 46 47 48 58 51 52 55 59
28 7 8 11 12 13 14 15 33 22 41 23 24 29 30 31 32 34 35 42 56 43 44 49 50 51 52 55 59
28 5 19 6 7 8 9 13 14 15 16 17 18 20 39 21 22 27 46 32 33 36 37 38 53 45 57 58 59
28 5 19 6 7 8 9 13 14 15 33 23 24 25 26 27 46 30 47 31 32 38 53 48 49 54 55 58 59
28 0 8 1 2 3 4 7 24 9 25 10 11 12 13 14 15 26 44 35 52 45 57 48 58 51 59 55 56
28 0 8 1 2 3 17 4 5 9 25 10 28 11 12 16 36 29 30 31 49 40 41 42 43 47 48 53 54
28 2 14 3 4 5 6 7 24 12 13 15 33 19 20 21 22 23 43 25 26 31 32 41 42 44 45 48 49
28 4 5 6 7 12 13 18 19 20 21 24 25 28 29 32 33 34 50 35 52 36 37 51 59 55 56 57 58
28 5 6 13 14 15 33 16 17 18 19 23 43 30 47 31 32 34 50 42 56 48 49 51 59 54 55 57 58
28 0 4 1 11 2 14 3 17 5 6 10 28 12 29 13 32 21 22 23 43 40 54 41 42 50 51 52 53
28 0 4 1 11 10 28 12 13 18 37 22 23 29 30 35 36 38 39 40 41 42 43 47 48 51 52 53 54
28 0 1 2 14 3 17 4 5 6 21 10 11 12 29 13 32 26 44 27 28 40 54 45 46 50 51 52 53
28 0 1 2 3 4 5 6 21 19 20 22 23 26 27 30 31 34 35 38 39 43 44 49 50 51 59 52 53
28 0 8 1 2 6 7 9 25 10 11 12 29 16 36 23 24 26 44 27 28 37 38 42 43 45 46 53 54
28 0 4 1 11 10 28 18 37 22 23 33 34 35 36 38 39 40 41 42 43 47 48 49 50 51 52 53 54
28 2 14 3 4 7 24 12 13 15 16 17 18 25 26 31 32 33 34 35 52 36 37 44 45 48 49 50 51
28 2 3 4 5 12 29 16 17 18 19 20 39 25 26 27 28 36 37 38 53 40 54 41 42 43 44 45 46
28 0 1 2 14 6 21 13 32 15 16 20 39 30 31 33 34 40 54 47 48 49 50 51 59 55 56 57 58
28 0 1 2 14 6 21 10 11 12 29 13 32 15 16 20 39 26 44 27 28 33 34 40 54 45 46 50 51
28 0 8 1 2 9 25 10 11 12 13 14 15 16 36 20 39 28 29 32 33 37 38 40 41 42 43 53 54
28 0 1 2 14 6 21 13 32 20 39 22 23 30 31 37 38 40 41 42 43 47 48 49 50 51 52 53 54
28 5 19 6 7 8 9 13 14 15 16 17 18 23 24 25 26 27 46 32 33 36 37 38 53 54 55 58 59
28 1 11 9 10 12 13 18 19 20 21 24 25 28 29 32 33 34 50 35 52 36 37 51 59 55 56 57 58
28 5 6 10 11 14 15 16 17 18 19 20 21 26 44 27 28 33 34 35 52 36 37 49 50 51 59 55 56
28 0 8 3 4 7 24 9 10 15 33 25 26 31 32 38 53 39 40 44 45 48 49 54 55 56 57 58 59
28 0 4 1 2 3 17 5 6 13 14 15 16 18 19 20 21 30 47 35 36 37 38 39 40 48 58 56 57
28 0 4 1 2 3 17 5 6 13 14 21 22 23 43 30 47 31 32 40 54 41 42 48 49 50 51 52 53
28 0 1 2 14 3 17 4 5 6 21 13 32 22 41 23 43 40 54 42 56 50 51 52 53 55 59 57 58
28 5 19 6 7 8 9 10 11 12 29 23 24 25 26 27 28 30 31 38 53 46 47 48 49 54 55 58 59
28 5 19 6 7 8 9 13 14 15 16 17 18 27 46 32 33 36 37 38 53 42 56 45 57 54 55 58 59
28 1 2 3 17 9 25 13 14 15 16 21 22 23 24 32 33 34 50 35 36 40 41 42 43 51 52 53 54
28 0 8 1 2 3 4 5 19 9 10 11 12 20 39 25 26 27 46 28 29 38 53 43 44 45 57 58 59
28 4 5 6 7 12 13 18 19 20 21 24 25 28 29 32 33 34 35 36 37 38 39 40 54 50 51 52 53
28 0 8 1 2 6 7 9 25 16 36 23 24 26 44 27 46 37 38 42 43 45 57 53 54 55 56 58 59
28 5 6 10 11 12 29 16 17 18 19 23 43 26 44 27 28 34 50 35 36 37 38 42 56 45 46 57 58
28 0 1 2 14 3 17 4 5 6 21 7 24 8 9 13 32 25 26 27 46 40 54 44 45 50 51 52 53
28 0 1 2 14 6 21 13 32 15 16 20 39 30 47 31 49 33 34 40 54 48 58 50 51 55 59 56 57
28 5 19 6 7 8 9 13 14 15 33 20 39 21 22 27 46 30 47 31 32 38 53 45 57 48 49 58 59
28 0 8 1 2 9 25 13 14 15 16 20 39 26 27 32 33 36 37 38 53 40 54 41 42 43 44 45 46
28 2 3 4 5 12 29 19 20 25 26 27 28 30 47 31 49 41 42 43 44 45 46 48 58 55 59 56 57
28 5 6 13 14 15 33 16 17 21 22 23 43 30 47 31 32 34 50 35 36 48 49 51 59 52 53 57 58
28 1 11 2 3 9 10 12 29 19 20 21 22 27 28 30 47 31 49 41 42 45 46 48 58 55 59 56 57
28 1 11 2 3 9 10 12 29 19 20 21 22 27 28 34 35 38 39 40 54 41 42 45 46 50 51 52 53
28 0 1 2 14 3 4 5 6 13 32 15 33 16 17 21 22 23 43 34 50 35 36 51 59 52 53 57 58
28 0 4 1 11 2 14 3 17 5 6 10 28 18 37 19 20 21 22 23 43 41 42 47 48 49 50 51 52
28 5 19 6 7 8 9 10 11 12 29 27 28 34 50 35 52 38 53 42 56 45 46 51 59 54 55 57 58
28 5 19 6 7 8 9 10 11 12 29 27 28 30 31 38 53 42 56 45 57 46 47 48 49 54 55 58 59
28 5 19 6 7 8 9 10 11 12 29 20 39 21 22 27 28 30 31 38 53 45 57 46 47 48 49 58 59
28 2 14 6 7 12 13 15 16 20 21 24 25 28 29 32 33 36 37 38 53 39 40 54 55 56 57 58 59
28 2 14 3 4 7 24 12 13 15 16 17 18 25 26 31 49 32 33 36 37 44 45 48 58 55 59 56 57
28 2 14 3 4 5 6 7 24 12 13 15 33 16 17 18 19 20 21 25 26 31 32 36 37 44 45 48 49
28 0 8 1 2 3 4 5 19 9 25 20 39 26 27 30 31 38 53 40 41 46 47 48 49 54 55 58 59
28 0 8 1 2 9 25 16 36 20 39 26 27 34 35 37 38 40 54 41 42 43 44 45 46 50 51 52 53
28 1 2 3 17 9 25 16 36 21 22 23 24 34 35 40 41 42 43 50 51 52 53 54 55 56 57 58 59
28 0 4 1 11 2 14 3 17 10 28 18 37 22 23 38 39 40 41 42 43 47 48 49 50 51 52 53 54
28 5 6 13 32 14 15 16 17 18 19 20 39 21 22 23 43 26 44 27 46 33 34 45 57 50 51 58 59
28 5 6 13 32 14 15 16 17 21 22 23 43 30 31 33 34 35 36 40 41 42 56 47 48 49 50 57 58
28 0 8 1 2 3 4 5 19 9 10 11 12 20 39 25 26 27 46 28 29 38 53 40 41 54 55 58 59
28 0 8 3 4 7 24 15 33 29 30 31 32 34 35 44 45 46 47 48 58 49 50 51 52 55 59 56 57
28 0 4 1 2 3 17 10 11 12 13 14 15 16 36 18 37 26 44 27 28 29 30 35 52 51 59 55 56
28 0 8 1 2 6 7 9 25 10 28 11 12 16 36 23 24 29 30 31 49 37 38 42 43 47 48 53 54
28 1 11 2 3 9 10 12 29 13 32 14 15 19 20 21 22 27 28 33 34 35 52 41 42 45 46 50 51
28 0 4 1 11 7 8 9 25 10 28 18 37 22 41 23 24 33 34 35 36 42 43 47 48 49 50 51 52
28 0 8 1 2 3 17 4 5 9 25 16 36 26 44 27 46 40 41 42 43 45 57 53 54 55 56 58 59
28 0 8 1 2 6 7 9 25 16 36 23 24 30 47 31 49 37 38 42 43 48 58 53 54 55 59 56 57
28 0 8 3 4 7 24 15 33 22 23 29 30 31 32 41 42 43 44 45 57 46 47 48 49 55 56 58 59
28 2 3 4 5 12 29 16 17 18 37 19 20 25 26 27 28 34 50 35 36 41 42 43 44 45 46 51 52
28 0 4 1 11 10 28 18 37 22 41 23 43 33 34 35 36 42 56 47 48 49 50 51 52 55 59 57 58
28 5 6 10 11 12 13 14 15 16 17 18 19 20 21 26 44 27 28 29 30 35 52 36 37 51 59 55 56
28 1 11 2 3 9 10 12 29 19 20 21 22 27 28 30 31 41 42 45 57 46 47 48 49 55 56 58 59
28 0 8 3 4 7 24 15 16 17 18 29 30 31 49 32 33 36 37 44 45 46 47 48 58 55 59 56 57
28 1 11 2 3 9 10 12 29 19 20 21 22 27 28 34 50 35 52 41 42 45 46 51 59 55 56 57 58
28 5 6 10 11 12 29 16 17 18 19 23 43 26 44 27 28 34 50 42 56 45 46 51 59 54 55 57 58
28 0 4 1 2 3 17 5 6 13 14 15 16 18 19 20 21 30 47 31 32 33 34 39 40 54 55 56 57
28 0 4 1 11 10 28 18 37 22 23 26 27 33 34 35 36 41 42 43 44 45 46 47 48 49 50 51 52
28 0 8 1 2 3 17 4 5 9 25 16 36 26 27 40 41 42 56 43 44 45 46 53 54 55 59 57 58
28 0 8 1 2 9 25 13 14 15 33 16 36 20 39 30 47 31 32 37 38 40 41 42 43 48 49 53 54
28 0 8 3 4 7 24 15 33 22 23 29 30 31 32 34 35 41 42 43 44 45 46 47 48 49 50 51 52
28 0 4 1 11 10 28 12 13 18 37 22 23 26 27 29 30 35 36 41 42 43 44 45 46 47 48 51 52
28 0 1 2 14 6 21 13 32 15 16 20 39 22 41 23 43 33 34 40 54 42 56 50 51 55 59 57 58
28 1 2 3 17 9 25 13 14 15 33 16 36 18 19 23 24 30 47 31 32 37 38 42 43 48 49 53 54
28 1 11 2 3 12 29 19 20 21 22 23 24 34 50 35 52 41 42 43 44 45 46 51 59 55 56 57 58
28 0 1 2 14 6 21 13 32 20 39 22 41 23 43 37 38 40 54 42 56 50 51 52 53 55 59 57 58
28 0 1 2 14 6 21 13 32 15 16 20 39 22 23 33 34 40 41 42 43 50 51 54 55 56 57 58 59
28 5 6 10 11 12 13 14 15 16 17 18 19 23 43 28 29 32 33 34 50 42 56 51 59 54 55 57 58
28 1 2 3 17 9 25 16 36 21 22 23 24 26 27 40 41 42 56 43 44 45 46 53 54 55 59 57 58
28 1 2 3 17 9 25 13 14 15 33 16 36 21 22 23 24 30 47 31 32 40 41 42 43 48 49 53 54
28 0 4 1 11 10 28 12 13 18 37 29 30 35 36 38 39 40 54 47 48 51 59 52 53 55 56 57 58
28 2 3 4 5 6 7 12 29 19 20 21 22 27 28 34 35 38 39 40 54 41 42 45 46 50 51 52 53
28 1 11 9 10 12 13 18 19 20 21 24 25 28 29 32 33 36 37 38 53 39 40 54 55 56 57 58 59
28 5 6 10 11 12 13 14 15 16 17 18 19 23 43 28 29 32 33 34 50 35 36 37 38 42 56 57 58
28 0 8 3 4 7 24 15 33 22 41 23 43 29 30 31 32 42 56 44 45 46 47 48 49 55 59 57 58
28 0 4 1 11 7 24 8 9 10 28 18 37 25 26 27 46 33 34 35 36 44 45 47 48 49 50 51 52
28 1 2 3 17 9 25 16 36 21 22 23 24 30 31 34 35 40 41 42 43 47 48 49 50 51 52 53 54
28 2 14 3 4 7 24 12 13 15 33 25 26 31 32 38 53 39 40 44 45 48 49 54 55 56 57 58 59
28 2 14 3 4 7 24 15 33 22 23 25 26 27 28 41 42 43 44 45 57 46 47 48 49 55 56 58 59
28 0 8 3 4 7 24 15 16 17 18 22 23 29 30 31 49 32 33 36 37 41 42 43 44 45 46 47 48
28 1 11 2 3 9 10 12 29 16 17 18 19 20 21 22 41 27 28 36 37 42 56 45 46 55 59 57 58
28 0 4 1 11 7 24 8 9 10 28 12 13 18 37 25 26 27 46 29 30 35 36 44 45 47 48 51 52
28 0 1 2 14 3 4 10 11 12 13 15 16 17 18 28 29 30 47 35 36 37 38 39 40 48 58 56 57
28 0 8 3 4 7 24 9 10 15 33 22 23 25 26 31 32 41 42 43 44 45 57 48 49 55 56 58 59
28 0 1 2 14 3 17 4 5 6 21 10 11 12 13 28 29 30 47 31 32 40 54 48 49 50 51 52 53
28 0 4 1 11 2 14 3 17 10 28 18 37 26 27 44 45 46 47 48 58 49 50 51 52 55 59 56 57
28 0 8 1 2 9 25 13 14 15 16 20 39 32 33 34 50 35 36 37 38 40 41 42 43 51 52 53 54
28 2 14 3 4 7 24 15 33 22 23 25 26 27 28 34 35 41 42 43 44 45 46 47 48 49 50 51 52
28 2 14 3 4 7 24 12 13 15 33 25 26 31 32 34 35 44 45 48 58 49 50 51 52 55 59 56 57
28 2 14 3 4 7 24 15 33 22 41 23 43 25 26 27 28 42 56 44 45 46 47 48 49 55 59 57 58
28 1 11 2 3 12 29 16 17 18 19 20 39 21 22 23 24 36 37 38 53 40 54 41 42 43 44 45 46
28 1 2 3 17 9 25 16 36 18 19 23 24 34 50 35 52 37 38 42 43 51 59 53 54 55 56 57 58
28 0 8 3 4 7 24 9 10 15 33 22 41 23 43 25 26 31 32 42 56 44 45 48 49 55 59 57 58
28 2 14 6 7 12 13 15 16 20 21 24 25 28 29 32 33 34 50 35 36 37 38 39 40 51 52 53 54
28 2 14 6 7 12 13 15 16 20 21 24 25 26 27 28 29 30 31 32 33 36 37 44 45 46 47 48 49
28 2 14 6 7 12 13 15 16 20 21 24 25 28 29 30 31 32 33 34 35 36 37 47 48 49 50 51 52
28 1 11 9 10 12 13 18 19 20 21 24 25 28 29 30 47 31 32 33 34 35 52 36 37 48 49 50 51
28 0 8 1 2 6 7 9 25 16 36 23 24 30 31 34 35 37 38 42 43 47 48 49 50 51 52 53 54
28 1 11 9 10 12 13 18 19 20 21 24 25 26 27 28 29 30 31 32 33 36 37 44 45 46 47 48 49
28 0 1 2 14 6 21 7 24 8 9 13 32 20 39 25 26 27 46 37 38 40 54 44 45 50 51 52 53
28 0 8 1 2 3 17 4 5 9 25 10 11 12 13 14 15 16 36 28 29 32 33 40 41 42 43 53 54
28 2 14 3 4 7 24 12 13 15 33 22 41 23 43 25 26 31 32 42 56 44 45 48 49 55 59 57 58
28 2 14 6 7 12 13 15 16 20 21 24 25 28 29 32 33 34 35 36 37 38 39 40 54 50 51 52 53
28 0 1 2 14 3 4 10 11 12 13 15 16 17 18 28 29 30 47 39 40 48 58 51 59 54 55 56 57
28 1 2 3 17 9 25 16 36 18 19 23 24 34 35 37 38 42 43 50 51 52 53 54 55 56 57 58 59
28 1 2 3 17 9 25 16 36 21 22 23 24 26 27 30 31 40 41 42 43 44 45 46 47 48 49 53 54
28 0 1 2 14 3 4 10 11 15 16 17 18 26 44 27 28 33 34 35 52 36 37 45 57 46 47 55 56
28 2 14 3 4 7 24 12 13 15 33 16 36 17 18 25 26 31 32 37 38 39 40 44 45 48 49 53 54
28 1 11 2 3 12 29 19 20 21 22 23 24 38 53 39 40 41 42 43 44 45 46 54 55 56 57 58 59
28 2 14 3 4 7 24 12 13 15 33 16 17 18 37 25 26 31 32 34 50 35 36 44 45 48 49 51 52
28 1 11 2 3 9 10 12 29 16 17 18 37 19 20 21 22 27 28 34 50 35 36 41 42 45 46 51 52
28 1 2 3 17 9 25 10 11 12 29 16 36 21 22 23 24 26 44 27 28 40 41 42 43 45 46 53 54
28 2 14 3 4 7 24 15 33 16 17 18 37 25 26 27 28 34 50 35 36 44 45 46 47 48 49 51 52
28 2 14 3 4 7 24 12 13 15 33 25 26 31 32 34 50 35 52 44 45 48 49 51 59 55 56 57 58
28 0 1 2 14 6 21 7 24 8 9 13 32 15 16 20 39 25 26 27 46 33 34 40 54 44 45 50 51
28 0 1 2 14 6 21 7 8 9 25 13 32 15 16 20 39 22 41 23 24 33 34 40 54 42 43 50 51
28 1 11 2 3 12 29 16 17 18 19 20 21 22 41 23 24 36 37 42 56 43 44 45 46 55 59 57 58
28 1 11 2 3 12 29 16 17 18 19 20 21 22 41 23 24 30 31 36 37 42 43 44 45 46 47 48 49
28 1 2 3 17 9 25 16 36 18 19 23 24 26 27 37 38 42 56 43 44 45 46 53 54 55 59 57 58
28 2 14 6 7 12 29 13 32 15 16 20 21 24 25 26 44 27 28 33 34 35 52 36 37 45 46 50 51
28 2 14 6 7 12 13 15 16 20 21 24 25 26 44 27 28 29 30 31 49 32 33 36 37 45 46 47 48
28 0 1 2 14 6 21 7 8 9 10 11 12 13 32 20 39 24 25 28 29 37 38 40 54 50 51 52 53
28 2 14 6 7 12 13 15 16 20 21 22 41 23 43 24 25 28 29 32 33 36 37 42 56 55 59 57 58
28 1 11 2 3 12 29 16 36 17 18 19 20 21 22 23 24 37 38 39 40 41 42 43 44 45 46 53 54
28 2 14 6 7 12 13 15 16 20 21 24 25 28 29 30 47 31 49 32 33 36 37 48 58 55 59 56 57
28 1 11 2 3 12 29 16 17 18 37 19 20 21 22 23 24 34 50 35 36 41 42 43 44 45 46 51 52
28 1 11 9 10 12 13 18 19 20 21 22 41 23 43 24 25 28 29 32 33 36 37 42 56 55 59 57 58
28 2 14 6 7 12 13 15 16 20 21 24 25 28 29 30 47 31 32 33 34 35 52 36 37 48 49 50 51
28 1 2 3 17 9 25 16 36 18 19 23 24 26 27 30 31 37 38 42 43 44 45 46 47 48 49 53 54
28 1 2 3 17 9 25 16 36 18 19 23 24 26 44 27 46 37 38 42 43 45 57 53 54 55 56 58 59
28 1 11 9 10 12 13 18 19 20 21 24 25 26 44 27 28 29 30 31 49 32 33 36 37 45 46 47 48
28 1 2 3 17 9 25 16 36 21 22 23 24 26 44 27 46 40 41 42 43 45 57 53 54 55 56 58 59
28 1 2 3 17 9 25 13 14 15 16 18 19 23 24 32 33 34 50 35 36 37 38 42 43 51 52 53 54
28 1 11 9 10 12 13 18 19 20 21 24 25 28 29 30 47 31 49 32 33 36 37 48 58 55 59 56 57
28 1 2 3 17 9 25 16 36 21 22 23 24 26 27 34 35 40 54 41 42 43 44 45 46 50 51 52 53
28 2 14 6 7 12 13 15 16 20 21 22 41 23 24 25 26 27 46 28 29 32 33 36 37 42 43 44 45
28 1 2 3 17 9 25 13 32 14 15 16 36 21 22 23 24 33 34 35 52 40 41 42 43 50 51 53 54
28 1 2 3 17 9 25 10 28 11 12 16 36 21 22 23 24 29 30 31 49 40 41 42 43 47 48 53 54
28 2 14 6 7 12 13 15 16 20 21 22 23 24 25 26 27 28 29 32 33 36 37 41 42 43 44 45 46
