18 0 8 6 7 9 10 15 16 20 21 24 25 28 29 32 33 36 37
18 3 17 9 10 15 16 18 19 20 21 24 25 28 29 32 33 36 37
18 22 23 26 27 30 31 34 35 38 39 40 41 46 47 52 53 54 55
18 22 23 26 27 30 31 34 35 38 39 40 41 46 47 48 58 49 50
18 5 19 6 7 8 9 23 24 25 26 27 46 38 53 54 55 58 59
18 0 4 3 17 10 28 15 16 18 37 29 30 35 36 47 48 51 52
18 4 5 6 7 12 13 18 19 20 21 24 25 28 29 32 33 36 37
18 22 23 26 27 30 31 34 35 38 39 43 44 45 57 46 47 52 53
18 0 8 3 4 7 24 9 10 15 33 25 26 31 32 44 45 48 49
18 5 6 16 17 18 19 20 39 21 22 23 43 34 50 51 59 57 58
18 1 11 2 3 12 29 19 20 21 22 23 24 41 42 43 44 45 46
18 13 14 15 16 17 18 30 47 31 32 33 34 39 40 54 55 56 57
18 13 14 15 16 17 18 30 47 39 40 48 58 51 59 54 55 56 57
18 2 3 4 5 12 29 19 20 25 26 27 28 41 42 43 44 45 46
18 0 8 1 2 9 25 16 36 20 39 37 38 40 41 42 43 53 54
18 10 11 12 13 14 15 26 44 31 32 33 34 35 52 45 57 55 56
18 22 23 26 27 30 31 34 35 38 39 40 41 42 56 43 44 49 50
18 1 11 9 10 12 13 18 19 20 21 24 25 28 29 32 33 36 37
18 2 14 3 4 7 24 12 13 15 33 25 26 31 32 44 45 48 49
18 5 6 16 17 21 22 23 43 34 50 35 36 51 59 52 53 57 58
18 7 8 9 10 11 12 22 41 31 49 42 56 45 57 48 58 55 59
18 0 1 2 14 6 21 13 32 15 16 20 39 33 34 40 54 50 51
18 7 8 11 12 22 41 23 24 29 30 31 49 46 47 48 58 55 59
18 0 1 2 14 6 21 13 32 20 39 37 38 40 54 50 51 52 53
18 2 14 6 7 12 13 15 16 20 21 24 25 28 29 32 33 36 37
18 22 23 26 27 30 31 34 35 38 39 43 44 49 50 51 59 52 53
18 2 3 4 5 6 7 12 29 19 20 21 22 27 28 41 42 45 46
18 13 14 17 18 30 47 31 32 37 38 39 40 52 53 54 55 56 57
18 0 8 1 11 2 14 3 4 7 24 15 33 44 45 46 47 48 49
18 5 6 16 17 21 22 23 43 34 50 35 36 40 41 42 56 57 58
18 1 11 2 3 9 10 12 29 19 20 21 22 27 28 41 42 45 46
18 13 14 17 18 30 47 31 32 37 38 39 40 48 58 49 50 56 57
18 10 11 12 13 14 15 26 44 35 52 45 57 48 58 51 59 55 56
18 1 2 3 17 9 25 16 36 21 22 23 24 40 41 42 43 53 54
18 2 14 3 4 7 24 15 33 25 26 27 28 44 45 46 47 48 49
18 5 6 16 17 18 19 23 43 34 50 35 36 37 38 42 56 57 58
18 5 19 6 7 8 9 27 46 38 53 42 56 45 57 54 55 58 59
18 0 4 1 11 2 14 3 17 10 28 18 37 47 48 49 50 51 52
18 0 1 2 14 3 17 4 5 6 21 13 32 40 54 50 51 52 53
18 7 8 9 10 11 12 22 41 27 28 29 30 31 49 42 56 55 59
18 0 4 3 17 10 28 18 37 29 30 31 32 47 48 49 50 51 52
18 5 19 8 9 20 39 25 26 27 46 38 53 43 44 45 57 58 59
18 0 1 4 5 6 21 13 32 18 19 20 39 33 34 40 54 50 51
18 7 8 11 12 22 41 23 24 29 30 31 49 42 56 43 44 55 59
18 0 8 1 11 2 3 4 5 12 29 19 20 41 42 43 44 45 46
18 13 14 15 16 17 18 30 47 35 36 37 38 39 40 48 58 56 57
18 0 8 3 4 7 24 15 33 29 30 31 32 44 45 46 47 48 49
18 5 6 16 17 18 19 23 43 34 50 42 56 51 59 54 55 57 58
18 0 8 1 2 3 17 4 5 9 25 16 36 40 41 42 43 53 54
18 10 11 12 13 14 15 26 44 27 28 29 30 35 52 51 59 55 56
18 10 11 14 15 26 44 27 28 33 34 35 52 49 50 51 59 55 56
18 0 8 1 2 6 7 9 25 16 36 23 24 37 38 42 43 53 54
18 0 4 1 11 10 28 18 37 33 34 35 36 47 48 49 50 51 52
18 5 19 6 7 8 9 20 39 21 22 27 46 38 53 45 57 58 59
18 0 1 4 5 6 21 13 32 33 34 35 36 40 54 50 51 52 53
18 7 8 9 10 11 12 22 41 23 24 25 26 31 49 48 58 55 59
18 0 4 1 11 10 28 12 13 18 37 29 30 35 36 47 48 51 52
18 5 19 8 9 20 39 25 26 27 46 38 53 40 41 54 55 58 59
18 1 2 3 17 9 25 16 36 18 19 23 24 37 38 42 43 53 54
18 10 11 14 15 26 44 27 28 33 34 35 52 45 57 46 47 55 56
