6 17 19 21 23 25 31
6 17 19 21 23 25 31
6 0 6 8 10 12 14
6 0 6 8 10 12 14
6 0 10 12 14 21 23
6 6 8 17 19 25 31
6 17 19 21 23 25 31
6 0 6 8 10 12 14
6 6 14 17 23 25 31
6 0 8 10 12 19 21
6 12 14 21 23 25 31
6 0 6 8 10 17 19
6 0 6 8 10 17 19
6 12 14 21 23 25 31
6 10 12 19 21 23 31
6 0 6 8 14 17 25
6 0 6 8 10 12 14
6 17 19 21 23 25 31
6 6 14 17 23 25 31
6 0 8 10 12 19 21
6 0 6 12 14 23 25
6 8 10 17 19 21 31
6 0 6 12 14 23 25
6 8 10 17 19 21 31
6 17 19 21 23 25 31
6 0 6 8 10 12 14
6 12 14 21 23 25 31
6 0 6 8 10 17 19
6 6 14 17 23 25 31
6 0 8 10 12 19 21
6 12 14 21 23 25 31
6 0 6 8 10 17 19
6 0 6 8 14 17 25
6 10 12 19 21 23 31
6 6 14 17 23 25 31
6 0 8 10 12 19 21
6 0 10 12 14 21 23
6 6 8 17 19 25 31
6 8 10 17 19 21 31
6 0 6 12 14 23 25
6 6 8 17 19 25 31
6 0 10 12 14 21 23
6 8 10 17 19 21 31
6 0 6 12 14 23 25
6 12 14 21 23 25 31
6 0 6 8 10 17 19
6 6 14 17 23 25 31
6 0 8 10 12 19 21
6 10 12 19 21 23 31
6 0 6 8 14 17 25
6 0 6 8 14 17 25
6 10 12 19 21 23 31
6 6 8 17 19 25 31
6 0 10 12 14 21 23
6 8 10 17 19 21 31
6 0 6 12 14 23 25
6 6 8 17 19 25 31
6 0 10 12 14 21 23
6 10 12 19 21 23 31
6 0 6 8 14 17 25
