20 5 6 7 8 9 10 11 12 16 17 18 19 20 21 24 25 28 29 36 37
20 13 32 14 15 26 44 27 46 33 34 35 52 45 57 50 51 55 56 58 59
20 0 8 1 11 2 14 3 4 7 24 9 25 10 28 12 29 13 32 15 33
20 0 4 1 11 2 14 3 17 10 28 12 29 13 32 15 33 16 36 18 37
20 22 23 26 27 30 31 38 39 40 41 42 43 44 45 46 47 48 49 53 54
20 0 8 1 11 2 3 4 5 6 21 7 24 9 25 10 28 12 29 19 20
20 22 23 30 47 31 49 38 39 40 41 42 43 48 58 53 54 55 59 56 57
20 30 31 34 35 38 53 39 40 47 48 49 50 51 52 54 55 56 57 58 59
20 5 6 16 17 18 37 19 20 21 22 23 43 34 50 35 36 41 42 51 52
20 0 8 1 2 3 4 7 24 9 25 26 44 27 46 45 57 55 56 58 59
20 5 6 19 20 21 22 23 43 30 31 34 35 41 42 47 48 49 50 51 52
20 0 8 1 2 3 17 4 5 6 21 7 24 9 25 16 36 18 37 19 20
20 0 1 2 3 4 5 6 21 7 8 9 10 11 12 19 20 24 25 28 29
20 0 4 1 11 2 3 5 19 6 7 8 9 10 28 12 29 20 21 24 25
20 0 8 1 2 3 4 5 19 6 7 9 10 11 12 20 21 24 25 28 29
20 16 17 18 37 22 23 34 50 35 36 38 39 40 41 42 43 51 52 53 54
20 7 8 9 25 13 14 15 16 17 18 22 41 23 24 32 33 36 37 42 43
20 26 27 30 31 38 53 39 40 44 45 46 47 48 49 54 55 56 57 58 59
20 5 19 6 21 13 14 15 33 20 39 30 47 31 32 38 53 40 54 48 49
20 10 11 12 29 13 32 14 15 26 44 27 28 33 34 35 52 45 46 50 51
20 0 4 1 2 3 17 10 11 12 29 16 36 18 37 26 44 27 28 45 46
20 30 47 31 49 34 50 35 52 38 53 39 40 48 58 51 59 54 55 56 57
20 16 36 17 18 34 35 37 38 39 40 50 51 52 53 54 55 56 57 58 59
20 16 17 18 37 34 50 35 36 38 53 39 40 51 52 54 55 56 57 58 59
20 13 14 15 33 22 23 26 27 30 47 31 32 41 42 43 44 45 46 48 49
20 7 8 9 25 10 11 12 13 14 15 22 41 23 24 28 29 32 33 42 43
20 22 23 26 27 30 47 31 49 41 42 43 44 45 46 48 58 55 59 56 57
20 7 8 9 10 11 12 24 25 28 29 38 53 39 40 54 55 56 57 58 59
20 13 14 15 16 17 18 26 27 30 31 32 33 36 37 44 45 46 47 48 49
20 0 1 2 3 4 5 6 21 13 32 14 15 19 20 33 34 35 52 50 51
20 22 23 26 27 30 31 34 35 41 42 43 44 45 46 47 48 49 50 51 52
20 0 1 2 14 3 4 5 6 13 32 15 33 16 17 18 19 20 21 36 37
20 22 23 26 44 27 46 38 39 40 41 42 43 45 57 53 54 55 56 58 59
20 5 19 6 21 10 11 12 13 14 15 20 39 28 29 32 33 38 53 40 54
20 0 1 2 14 3 4 13 32 15 33 22 41 23 43 42 56 55 59 57 58
20 7 24 8 9 25 26 27 46 30 31 34 35 44 45 47 48 49 50 51 52
20 0 4 1 2 3 17 5 19 6 7 8 9 16 36 18 37 20 21 24 25
20 10 28 11 12 22 23 26 27 29 30 31 49 41 42 43 44 45 46 47 48
20 16 36 17 18 34 50 35 52 37 38 39 40 51 59 53 54 55 56 57 58
20 10 28 11 12 16 17 18 37 29 30 31 49 34 50 35 36 47 48 51 52
20 7 8 9 25 22 41 23 24 26 27 42 56 43 44 45 46 55 59 57 58
20 0 1 2 14 3 4 5 19 6 21 13 32 15 33 20 39 38 53 40 54
20 10 28 11 12 29 30 31 49 34 50 35 52 47 48 51 59 55 56 57 58
20 0 8 1 2 3 4 5 6 7 24 9 25 16 17 18 19 20 21 36 37
20 0 4 1 2 3 17 7 24 8 9 16 36 18 37 25 26 27 46 44 45
20 10 11 12 13 14 15 22 23 26 27 28 29 32 33 41 42 43 44 45 46
20 5 6 19 20 21 22 23 43 34 35 38 39 40 54 41 42 50 51 52 53
20 13 14 15 33 30 47 31 32 38 53 39 40 48 49 54 55 56 57 58 59
20 7 24 8 9 25 26 27 46 34 50 35 52 44 45 51 59 55 56 57 58
20 0 1 2 3 4 5 6 21 10 28 11 12 19 20 29 30 31 49 47 48
20 13 14 15 16 17 18 22 23 32 33 36 37 38 39 40 41 42 43 53 54
20 0 8 1 2 3 4 7 24 9 25 16 36 17 18 37 38 39 40 53 54
20 5 6 10 28 11 12 19 20 21 22 23 43 29 30 31 49 41 42 47 48
20 0 4 1 2 3 17 7 8 9 25 16 36 18 37 22 41 23 24 42 43
20 26 44 27 46 30 31 34 35 45 57 47 48 49 50 51 52 55 56 58 59
20 0 4 1 11 2 3 10 28 12 29 34 50 35 52 51 59 55 56 57 58
20 7 24 8 9 10 11 12 29 25 26 27 28 30 31 44 45 46 47 48 49
20 5 19 6 21 13 32 14 15 20 39 33 34 35 52 38 53 40 54 50 51
20 5 6 13 14 15 16 17 18 19 20 21 22 23 43 32 33 36 37 41 42
20 13 32 14 15 16 36 17 18 33 34 35 52 37 38 39 40 50 51 53 54
20 16 36 17 18 30 31 34 35 37 38 39 40 47 48 49 50 51 52 53 54
20 7 8 9 10 11 12 24 25 26 44 27 46 28 29 45 57 55 56 58 59
20 7 8 9 25 16 36 17 18 22 41 23 24 37 38 39 40 42 43 53 54
20 0 1 2 14 3 4 10 11 12 29 13 32 15 33 26 44 27 28 45 46
20 0 1 2 3 4 5 6 21 19 20 30 47 31 49 48 58 55 59 56 57
20 5 6 19 20 21 22 23 43 26 44 27 46 41 42 45 57 55 56 58 59
20 0 1 2 3 4 5 6 21 10 11 12 13 14 15 19 20 28 29 32 33
20 7 8 9 25 22 41 23 24 34 50 35 52 42 43 51 59 55 56 57 58
20 16 17 18 37 22 41 23 43 34 50 35 36 42 56 51 52 55 59 57 58
20 10 11 12 13 14 15 28 29 30 47 31 32 33 34 35 52 48 49 50 51
20 0 4 1 2 3 17 16 36 18 37 22 23 38 39 40 41 42 43 53 54
20 5 19 6 21 7 24 8 9 20 39 25 26 27 46 38 53 40 54 44 45
20 7 24 8 9 13 14 15 33 25 26 27 46 30 47 31 32 44 45 48 49
20 7 8 9 25 16 17 18 37 22 41 23 24 34 50 35 36 42 43 51 52
20 0 4 1 11 2 3 5 19 6 21 10 28 12 29 20 39 38 53 40 54
20 13 14 15 33 26 44 27 46 30 47 31 32 45 57 48 49 55 56 58 59
20 10 11 12 13 14 15 22 41 23 43 28 29 32 33 42 56 55 59 57 58
20 0 1 2 3 4 5 6 21 19 20 26 27 30 31 44 45 46 47 48 49
20 0 8 1 2 3 4 5 19 6 21 7 24 9 25 20 39 38 53 40 54
20 10 11 12 29 26 44 27 28 30 31 34 35 45 46 47 48 49 50 51 52
20 13 14 15 16 17 18 32 33 36 37 38 53 39 40 54 55 56 57 58 59
20 0 4 1 2 3 17 10 28 11 12 16 36 18 37 29 30 31 49 47 48
20 13 14 15 33 16 17 18 37 30 47 31 32 34 50 35 36 48 49 51 52
20 13 32 14 15 16 17 18 37 30 31 33 34 35 36 47 48 49 50 51 52
20 5 19 6 7 8 9 20 21 22 41 23 24 25 26 27 46 42 43 44 45
20 0 8 1 2 3 4 7 24 9 25 38 53 39 40 54 55 56 57 58 59
20 5 19 6 21 7 8 9 10 11 12 20 39 24 25 28 29 38 53 40 54
20 22 23 26 27 34 50 35 52 41 42 43 44 45 46 51 59 55 56 57 58
20 10 11 12 29 26 44 27 28 34 35 38 39 40 54 45 46 50 51 52 53
20 0 1 2 3 4 5 6 21 19 20 22 41 23 43 42 56 55 59 57 58
20 0 8 1 2 3 4 7 24 9 25 10 11 12 13 14 15 28 29 32 33
20 5 19 6 21 20 39 30 47 31 49 38 53 40 54 48 58 55 59 56 57
20 13 14 15 16 17 18 22 23 26 27 32 33 36 37 41 42 43 44 45 46
20 10 28 11 12 13 14 15 33 29 30 31 32 34 35 47 48 49 50 51 52
20 10 11 12 13 14 15 28 29 30 31 32 33 34 35 47 48 49 50 51 52
20 0 1 2 3 4 5 6 21 7 24 8 9 19 20 25 26 27 46 44 45
20 16 36 17 18 22 41 23 43 37 38 39 40 42 56 53 54 55 59 57 58
20 22 23 30 31 34 35 38 39 40 41 42 43 47 48 49 50 51 52 53 54
20 5 6 10 28 11 12 16 17 18 19 20 21 29 30 31 49 36 37 47 48
20 5 19 6 7 8 9 20 39 21 22 23 43 24 25 38 53 40 54 41 42
20 0 1 2 14 3 4 10 11 12 13 15 16 17 18 28 29 32 33 36 37
20 10 28 11 12 29 30 31 49 34 35 38 39 40 54 47 48 50 51 52 53
20 10 11 12 13 14 15 28 29 32 33 34 50 35 52 51 59 55 56 57 58
20 13 32 14 15 30 31 33 34 35 52 47 48 49 50 51 59 55 56 57 58
20 13 14 15 33 30 47 31 32 34 50 35 52 48 49 51 59 55 56 57 58
20 13 14 15 16 17 18 32 33 34 50 35 52 36 37 51 59 55 56 57 58
20 5 19 6 7 8 9 10 11 12 13 14 15 20 21 24 25 28 29 32 33
20 0 8 1 2 3 4 7 24 9 25 22 23 26 27 41 42 43 44 45 46
20 0 4 1 2 3 17 5 19 6 21 16 36 18 37 20 39 38 53 40 54
20 0 8 1 2 3 4 7 24 9 25 22 41 23 43 42 56 55 59 57 58
20 0 4 1 11 2 3 10 28 12 29 22 41 23 43 42 56 55 59 57 58
20 0 8 1 2 3 4 7 24 9 25 10 11 12 29 26 44 27 28 45 46
20 7 8 9 25 22 41 23 24 30 47 31 49 42 43 48 58 55 59 56 57
20 16 36 17 18 30 47 31 49 37 38 39 40 48 58 53 54 55 59 56 57
20 0 8 1 2 3 4 7 24 9 25 16 17 18 37 34 50 35 36 51 52
20 5 19 6 21 20 39 22 23 26 27 38 53 40 54 41 42 43 44 45 46
20 0 4 1 2 3 17 16 36 18 37 34 35 38 39 40 54 50 51 52 53
20 5 6 7 8 9 25 19 20 21 22 23 24 26 27 41 42 43 44 45 46
20 22 41 23 43 30 31 34 35 42 56 47 48 49 50 51 52 55 59 57 58
20 0 4 1 11 2 3 10 28 12 29 13 14 15 33 30 47 31 32 48 49
20 0 4 1 11 2 3 7 8 9 25 10 28 12 29 22 41 23 24 42 43
20 0 4 1 11 2 3 10 28 12 29 38 53 39 40 54 55 56 57 58 59
20 5 19 6 7 8 9 20 21 24 25 34 35 38 39 40 54 50 51 52 53
20 16 17 18 37 34 50 35 36 38 39 40 54 51 59 52 53 55 56 57 58
20 5 19 6 7 8 9 13 14 15 16 17 18 20 21 24 25 32 33 36 37
20 7 8 9 10 11 12 24 25 28 29 34 50 35 52 51 59 55 56 57 58
20 10 11 12 13 14 15 28 29 30 47 31 49 32 33 48 58 55 59 56 57
20 13 14 15 33 16 36 17 18 30 47 31 32 37 38 39 40 48 49 53 54
20 5 6 16 17 18 19 20 21 22 23 26 27 36 37 41 42 43 44 45 46
20 5 6 16 36 17 18 19 20 21 22 23 43 37 38 39 40 41 42 53 54
20 5 6 16 17 18 19 20 21 22 23 36 37 38 39 40 41 42 43 53 54
20 22 41 23 43 34 50 35 52 38 53 39 40 42 56 51 59 54 55 57 58
20 10 11 12 29 26 44 27 28 38 53 39 40 45 46 54 55 56 57 58 59
20 16 17 18 37 30 47 31 49 34 50 35 36 48 58 51 52 55 59 56 57
20 7 8 9 10 11 12 24 25 26 44 27 28 29 30 31 49 45 46 47 48
20 5 19 6 21 16 36 17 18 20 39 34 35 37 38 40 54 50 51 52 53
20 7 8 9 10 11 12 24 25 26 27 28 29 30 31 44 45 46 47 48 49
20 5 6 13 32 14 15 16 17 18 19 20 21 33 34 35 52 36 37 50 51
20 0 4 1 2 3 17 16 36 18 37 26 44 27 46 45 57 55 56 58 59
20 26 44 27 46 34 35 38 39 40 54 45 57 50 51 52 53 55 56 58 59
20 5 19 6 7 8 9 20 21 22 23 24 25 26 27 41 42 43 44 45 46
20 0 4 1 11 2 3 7 8 9 10 12 29 24 25 26 44 27 28 45 46
20 5 6 7 8 9 25 19 20 21 22 23 24 38 39 40 41 42 43 53 54
20 0 1 2 14 3 4 5 6 13 32 15 33 19 20 21 22 23 43 41 42
20 0 4 1 2 3 17 13 32 14 15 16 36 18 37 33 34 35 52 50 51
20 5 6 10 11 12 29 16 17 18 19 20 21 26 44 27 28 36 37 45 46
20 0 8 1 2 3 4 7 24 9 25 34 50 35 52 51 59 55 56 57 58
20 0 8 1 2 3 4 5 19 6 7 9 25 20 21 22 41 23 24 42 43
20 13 32 14 15 22 23 26 27 33 34 35 52 41 42 43 44 45 46 50 51
20 7 24 8 9 10 11 12 29 22 23 25 26 27 28 41 42 43 44 45 46
20 16 17 18 37 26 27 30 31 34 50 35 36 44 45 46 47 48 49 51 52
20 0 1 2 3 4 5 6 21 19 20 30 31 34 35 47 48 49 50 51 52
20 7 8 9 10 11 12 13 32 14 15 24 25 28 29 33 34 35 52 50 51
20 7 24 8 9 25 26 27 46 30 47 31 49 44 45 48 58 55 59 56 57
20 13 14 15 16 17 18 32 33 34 35 36 37 38 39 40 54 50 51 52 53
20 0 4 1 2 3 17 7 8 9 10 11 12 16 36 18 37 24 25 28 29
20 5 6 19 20 21 22 23 43 30 47 31 49 41 42 48 58 55 59 56 57
20 5 6 13 14 15 33 19 20 21 22 23 43 30 47 31 32 41 42 48 49
20 10 11 12 13 14 15 16 36 17 18 28 29 32 33 37 38 39 40 53 54
20 0 1 2 14 3 4 7 24 8 9 13 32 15 33 25 26 27 46 44 45
20 7 24 8 9 25 26 27 46 34 35 38 39 40 54 44 45 50 51 52 53
20 5 19 6 7 8 9 13 32 14 15 20 21 24 25 33 34 35 52 50 51
20 5 19 6 21 20 39 22 41 23 43 38 53 40 54 42 56 55 59 57 58
20 5 19 6 21 20 39 26 44 27 46 38 53 40 54 45 57 55 56 58 59
20 0 4 1 2 3 17 5 6 16 36 18 19 20 21 37 38 39 40 53 54
20 0 1 2 14 3 4 5 19 6 7 8 9 13 32 15 33 20 21 24 25
20 7 24 8 9 22 23 25 26 27 46 38 39 40 41 42 43 44 45 53 54
20 5 6 16 17 18 19 20 21 26 44 27 46 36 37 45 57 55 56 58 59
20 0 1 2 14 3 4 13 32 15 33 16 36 17 18 37 38 39 40 53 54
20 5 19 6 7 8 9 10 11 12 29 20 21 24 25 26 44 27 28 45 46
20 10 11 12 13 14 15 22 23 28 29 32 33 38 39 40 41 42 43 53 54
20 0 4 1 11 2 3 10 28 12 13 14 15 29 30 31 49 32 33 47 48
20 0 8 1 2 3 4 7 24 9 25 13 14 15 16 17 18 32 33 36 37
20 22 41 23 43 26 27 30 31 42 56 44 45 46 47 48 49 55 59 57 58
20 0 1 2 3 4 5 6 21 19 20 34 50 35 52 51 59 55 56 57 58
20 7 24 8 9 10 28 11 12 25 26 27 46 29 30 31 49 44 45 47 48
20 0 8 1 2 3 4 7 24 9 25 13 32 14 15 33 34 35 52 50 51
20 7 24 8 9 16 17 18 37 25 26 27 46 34 50 35 36 44 45 51 52
20 7 24 8 9 13 32 14 15 25 26 27 46 33 34 35 52 44 45 50 51
20 30 31 34 35 38 39 40 54 47 48 49 50 51 59 52 53 55 56 57 58
20 13 14 15 16 17 18 30 31 32 33 34 35 36 37 47 48 49 50 51 52
20 5 19 6 7 8 9 13 14 15 33 20 21 24 25 30 47 31 32 48 49
20 13 14 15 33 22 41 23 43 30 47 31 32 42 56 48 49 55 59 57 58
20 5 19 6 7 8 9 20 21 24 25 34 50 35 52 51 59 55 56 57 58
20 13 14 15 16 17 18 30 47 31 32 33 34 35 52 36 37 48 49 50 51
20 5 19 6 21 10 11 12 29 20 39 26 44 27 28 38 53 40 54 45 46
20 0 4 1 11 2 3 7 8 9 10 12 13 14 15 24 25 28 29 32 33
20 13 32 14 15 16 17 18 37 33 34 35 36 38 39 40 54 50 51 52 53
20 0 1 2 3 4 5 6 21 7 8 9 25 19 20 22 41 23 24 42 43
20 30 47 31 49 34 35 38 39 40 54 48 58 50 51 52 53 55 59 56 57
20 10 11 12 29 13 14 15 16 17 18 26 44 27 28 32 33 36 37 45 46
20 0 8 1 2 3 4 7 24 9 25 30 31 34 35 47 48 49 50 51 52
20 0 1 2 3 4 5 6 21 13 14 15 16 17 18 19 20 32 33 36 37
20 0 1 2 3 4 5 6 21 19 20 26 44 27 46 45 57 55 56 58 59
20 5 19 6 21 13 14 15 16 17 18 20 39 32 33 36 37 38 53 40 54
20 0 8 1 2 3 4 7 24 9 10 11 12 25 26 27 46 28 29 44 45
20 0 4 1 2 3 17 13 14 15 33 16 36 18 37 30 47 31 32 48 49
20 0 1 2 14 3 4 13 32 15 33 26 44 27 46 45 57 55 56 58 59
20 7 8 9 10 11 12 24 25 28 29 30 47 31 49 48 58 55 59 56 57
20 0 1 2 3 4 5 6 21 16 17 18 19 20 39 36 37 38 53 40 54
20 0 4 1 11 2 3 10 28 12 29 13 32 14 15 33 34 35 52 50 51
20 0 1 2 3 4 5 6 21 13 14 15 33 19 20 30 47 31 32 48 49
20 10 28 11 12 26 27 29 30 31 49 44 45 46 47 48 58 55 59 56 57
20 0 1 2 3 4 5 6 21 16 17 18 37 19 20 34 50 35 36 51 52
20 7 8 9 25 13 14 15 33 22 41 23 24 30 47 31 32 42 43 48 49
20 13 14 15 16 17 18 30 47 31 49 32 33 36 37 48 58 55 59 56 57
20 5 19 6 7 8 9 20 21 24 25 38 53 39 40 54 55 56 57 58 59
20 22 23 34 35 38 39 40 41 42 43 50 51 52 53 54 55 56 57 58 59
20 0 1 2 3 4 5 6 7 8 9 16 17 18 19 20 21 24 25 36 37
20 10 11 12 13 14 15 28 29 32 33 34 35 38 39 40 54 50 51 52 53
20 22 23 34 50 35 52 38 39 40 41 42 43 51 59 53 54 55 56 57 58
20 10 11 12 29 26 44 27 28 30 31 45 57 46 47 48 49 55 56 58 59
20 0 1 2 14 3 4 10 11 12 13 15 33 28 29 30 47 31 32 48 49
20 7 8 9 25 22 41 23 24 30 31 34 35 42 43 47 48 49 50 51 52
20 13 14 15 16 17 18 22 41 23 43 32 33 36 37 42 56 55 59 57 58
20 0 1 2 14 3 4 13 32 15 33 16 17 18 37 34 50 35 36 51 52
20 26 27 30 31 34 50 35 52 44 45 46 47 48 49 51 59 55 56 57 58
20 0 8 1 2 3 4 5 6 7 24 9 25 19 20 21 22 23 43 41 42
20 0 1 2 3 4 5 6 7 8 9 19 20 21 22 23 43 24 25 41 42
20 5 6 19 20 21 22 23 43 34 50 35 52 41 42 51 59 55 56 57 58
20 7 8 9 25 22 41 23 24 26 44 27 46 42 43 45 57 55 56 58 59
20 5 19 6 7 8 9 16 36 17 18 20 21 24 25 37 38 39 40 53 54
20 0 8 1 2 3 4 7 24 9 25 13 14 15 33 30 47 31 32 48 49
20 0 1 2 3 4 5 6 21 16 36 17 18 19 20 37 38 39 40 53 54
20 13 14 15 16 17 18 32 33 34 50 35 36 37 38 39 40 51 52 53 54
20 26 27 30 31 34 35 44 45 46 47 48 58 49 50 51 52 55 59 56 57
20 13 32 14 15 26 27 30 31 33 34 35 52 44 45 46 47 48 49 50 51
20 10 28 11 12 13 32 14 15 29 30 31 49 33 34 35 52 47 48 50 51
20 22 41 23 43 34 35 38 39 40 54 42 56 50 51 52 53 55 59 57 58
20 10 28 11 12 13 14 15 33 26 27 29 30 31 32 44 45 46 47 48 49
20 5 19 6 21 20 39 34 50 35 52 38 53 40 54 51 59 55 56 57 58
20 0 8 1 2 3 4 7 24 9 25 26 27 30 31 44 45 46 47 48 49
20 13 32 14 15 22 23 33 34 35 52 38 39 40 41 42 43 50 51 53 54
20 0 8 1 2 3 4 7 24 9 25 34 35 38 39 40 54 50 51 52 53
20 10 11 12 13 14 15 26 27 28 29 30 31 32 33 44 45 46 47 48 49
20 7 24 8 9 25 26 27 46 38 53 39 40 44 45 54 55 56 57 58 59
20 5 6 16 17 18 19 20 21 34 50 35 36 37 38 39 40 51 52 53 54
20 10 28 11 12 22 23 29 30 31 49 38 39 40 41 42 43 47 48 53 54
20 16 17 18 37 26 44 27 46 34 50 35 36 45 57 51 52 55 56 58 59
20 22 23 26 27 38 39 40 41 42 56 43 44 45 46 53 54 55 59 57 58
20 10 11 12 29 26 44 27 28 30 47 31 49 45 46 48 58 55 59 56 57
20 22 23 26 27 38 53 39 40 41 42 43 44 45 46 54 55 56 57 58 59
20 10 11 12 29 13 14 15 33 26 44 27 28 30 47 31 32 45 46 48 49
20 7 24 8 9 16 36 17 18 25 26 27 46 37 38 39 40 44 45 53 54
20 7 8 9 25 10 11 12 29 22 41 23 24 26 44 27 28 42 43 45 46
20 13 14 15 33 22 23 30 47 31 32 38 39 40 41 42 43 48 49 53 54
20 26 44 27 46 30 47 31 49 34 50 35 52 45 57 48 58 51 59 55 56
20 10 28 11 12 26 44 27 46 29 30 31 49 45 57 47 48 55 56 58 59
20 13 14 15 33 30 47 31 32 34 35 48 58 49 50 51 52 55 59 56 57
20 5 6 13 32 14 15 19 20 21 22 23 43 33 34 35 52 41 42 50 51
20 0 1 2 14 3 17 4 5 6 21 13 32 15 33 16 36 18 37 19 20
20 7 24 8 9 10 11 12 13 14 15 25 26 27 46 28 29 32 33 44 45
20 22 23 26 27 30 31 41 42 43 44 45 57 46 47 48 49 55 56 58 59
20 13 14 15 33 30 47 31 32 34 35 38 39 40 54 48 49 50 51 52 53
20 13 14 15 16 17 18 26 44 27 46 32 33 36 37 45 57 55 56 58 59
20 0 4 1 2 3 17 5 6 13 14 15 16 18 19 20 21 32 33 36 37
20 0 4 1 11 2 3 5 6 10 28 12 29 16 17 18 19 20 21 36 37
20 0 4 1 2 3 17 16 36 18 37 30 31 34 35 47 48 49 50 51 52
20 5 19 6 21 20 39 22 23 38 53 40 41 42 43 54 55 56 57 58 59
20 0 4 1 11 2 3 10 28 12 29 34 35 38 39 40 54 50 51 52 53
20 0 1 2 3 4 5 6 21 19 20 22 23 26 27 41 42 43 44 45 46
20 5 6 19 20 21 22 23 43 38 39 40 41 42 56 53 54 55 59 57 58
20 0 4 1 11 2 3 10 28 12 29 22 23 38 39 40 41 42 43 53 54
20 10 11 12 13 14 15 28 29 32 33 38 53 39 40 54 55 56 57 58 59
20 0 1 2 3 4 5 6 21 10 11 12 29 19 20 26 44 27 28 45 46
20 0 8 1 2 3 4 7 24 9 25 30 47 31 49 48 58 55 59 56 57
20 0 8 1 2 3 4 7 24 9 25 22 23 38 39 40 41 42 43 53 54
20 0 1 2 3 4 5 6 21 19 20 38 53 39 40 54 55 56 57 58 59
20 0 1 2 14 3 4 13 32 15 16 17 18 33 34 35 52 36 37 50 51
20 0 1 2 3 4 5 6 21 19 20 34 35 38 39 40 54 50 51 52 53
20 0 1 2 14 3 4 13 32 15 33 34 50 35 52 51 59 55 56 57 58
20 5 19 6 7 8 9 10 28 11 12 20 21 24 25 29 30 31 49 47 48
20 10 11 12 13 14 15 26 44 27 46 28 29 32 33 45 57 55 56 58 59
20 0 4 1 11 2 3 10 28 12 29 16 36 17 18 37 38 39 40 53 54
20 10 11 12 29 22 23 26 44 27 28 38 39 40 41 42 43 45 46 53 54
20 7 8 9 10 11 12 24 25 28 29 30 31 34 35 47 48 49 50 51 52
20 0 4 1 11 2 3 10 28 12 29 13 14 15 16 17 18 32 33 36 37
20 0 1 2 14 3 4 13 32 15 33 30 47 31 49 48 58 55 59 56 57
20 5 6 10 11 12 13 14 15 16 17 18 19 20 21 28 29 32 33 36 37
20 0 4 1 2 3 17 5 6 16 36 18 37 19 20 21 22 23 43 41 42
20 22 23 26 27 34 35 38 39 40 54 41 42 43 44 45 46 50 51 52 53
20 26 27 30 31 34 35 38 39 40 54 44 45 46 47 48 49 50 51 52 53
20 13 32 14 15 33 34 35 52 38 53 39 40 50 51 54 55 56 57 58 59
20 0 1 2 14 3 4 13 32 15 33 22 23 26 27 41 42 43 44 45 46
20 16 36 17 18 26 44 27 46 37 38 39 40 45 57 53 54 55 56 58 59
20 0 1 2 14 3 4 13 32 15 33 38 53 39 40 54 55 56 57 58 59
20 0 4 1 11 2 3 10 28 12 29 26 27 30 31 44 45 46 47 48 49
20 16 17 18 37 22 23 26 27 34 50 35 36 41 42 43 44 45 46 51 52
20 10 11 12 29 26 44 27 28 34 50 35 52 45 46 51 59 55 56 57 58
20 5 19 6 7 8 9 20 21 24 25 30 47 31 49 48 58 55 59 56 57
20 5 19 6 21 10 28 11 12 20 39 29 30 31 49 38 53 40 54 47 48
20 5 6 16 17 18 19 20 21 22 41 23 43 36 37 42 56 55 59 57 58
20 7 8 9 25 22 41 23 24 38 53 39 40 42 43 54 55 56 57 58 59
20 5 6 7 24 8 9 19 20 21 22 23 43 25 26 27 46 41 42 44 45
20 10 11 12 13 14 15 16 17 18 37 28 29 32 33 34 50 35 36 51 52
20 0 4 1 11 2 3 7 24 8 9 10 28 12 29 25 26 27 46 44 45
20 13 32 14 15 22 41 23 43 33 34 35 52 42 56 50 51 55 59 57 58
20 22 41 23 43 26 44 27 46 30 47 31 49 42 56 45 57 48 58 55 59
20 0 1 2 3 4 5 6 21 19 20 22 23 38 39 40 41 42 43 53 54
20 0 4 1 11 2 3 10 28 12 29 22 23 26 27 41 42 43 44 45 46
20 0 8 1 2 3 4 7 24 9 25 10 28 11 12 29 30 31 49 47 48
20 16 36 17 18 26 27 30 31 37 38 39 40 44 45 46 47 48 49 53 54
20 5 19 6 21 20 39 30 31 34 35 38 53 40 54 47 48 49 50 51 52
20 0 4 1 11 2 3 10 28 12 29 30 31 34 35 47 48 49 50 51 52
20 0 1 2 14 3 4 13 32 15 33 22 23 38 39 40 41 42 43 53 54
20 7 8 9 10 11 12 22 23 24 25 28 29 38 39 40 41 42 43 53 54
20 0 4 1 2 3 17 16 36 18 37 26 27 30 31 44 45 46 47 48 49
20 5 19 6 7 8 9 20 21 24 25 26 44 27 46 45 57 55 56 58 59
20 10 28 11 12 22 41 23 43 29 30 31 49 42 56 47 48 55 59 57 58
20 7 8 9 10 11 12 22 23 24 25 26 27 28 29 41 42 43 44 45 46
20 5 6 7 24 8 9 16 17 18 19 20 21 25 26 27 46 36 37 44 45
20 10 11 12 13 14 15 26 44 27 28 29 30 31 49 32 33 45 46 47 48
20 5 6 7 8 9 25 16 17 18 19 20 21 22 41 23 24 36 37 42 43
20 5 6 16 17 18 19 20 21 30 47 31 49 36 37 48 58 55 59 56 57
20 0 1 2 14 3 4 7 8 9 10 11 12 13 32 15 33 24 25 28 29
20 0 1 2 14 3 4 13 32 15 33 34 35 38 39 40 54 50 51 52 53
20 13 32 14 15 30 47 31 49 33 34 35 52 48 58 50 51 55 59 56 57
20 0 4 1 11 2 3 5 6 10 28 12 29 19 20 21 22 23 43 41 42
20 16 36 17 18 22 23 26 27 37 38 39 40 41 42 43 44 45 46 53 54
20 7 8 9 25 22 41 23 24 34 35 38 39 40 54 42 43 50 51 52 53
20 10 28 11 12 29 30 31 49 38 53 39 40 47 48 54 55 56 57 58 59
20 0 4 1 2 3 17 16 36 18 37 34 50 35 52 51 59 55 56 57 58
20 22 41 23 43 26 44 27 46 38 53 39 40 42 56 45 57 54 55 58 59
20 5 6 13 14 15 33 16 17 18 19 20 21 30 47 31 32 36 37 48 49
20 5 19 6 7 8 9 16 17 18 37 20 21 24 25 34 50 35 36 51 52
20 10 28 11 12 13 14 15 16 17 18 29 30 31 49 32 33 36 37 47 48
20 0 4 1 2 3 17 16 36 18 37 38 53 39 40 54 55 56 57 58 59
20 7 8 9 10 11 12 22 41 23 24 25 26 27 46 28 29 42 43 44 45
20 0 1 2 14 3 4 13 32 15 33 30 31 34 35 47 48 49 50 51 52
20 7 8 9 25 10 28 11 12 22 41 23 24 29 30 31 49 42 43 47 48
20 5 19 6 7 8 9 20 21 24 25 30 31 34 35 47 48 49 50 51 52
20 0 4 1 2 3 17 16 36 18 37 22 23 26 27 41 42 43 44 45 46
20 7 8 9 25 22 41 23 24 26 27 30 31 42 43 44 45 46 47 48 49
20 7 8 9 10 11 12 16 36 17 18 24 25 28 29 37 38 39 40 53 54
20 10 11 12 29 22 41 23 43 26 44 27 28 42 56 45 46 55 59 57 58
20 10 28 11 12 16 36 17 18 29 30 31 49 37 38 39 40 47 48 53 54
20 7 24 8 9 22 23 25 26 27 46 41 42 43 44 45 57 55 56 58 59
20 5 19 6 7 8 9 20 21 22 41 23 43 24 25 42 56 55 59 57 58
20 7 24 8 9 22 41 23 43 25 26 27 46 42 56 44 45 55 59 57 58
20 5 19 6 7 8 9 20 21 22 23 24 25 38 39 40 41 42 43 53 54
20 5 19 6 21 7 8 9 25 20 39 22 41 23 24 38 53 40 54 42 43
20 5 6 16 17 18 19 20 21 34 35 36 37 38 39 40 54 50 51 52 53
20 5 19 6 21 16 17 18 37 20 39 34 50 35 36 38 53 40 54 51 52
20 0 1 2 14 3 4 7 8 9 25 13 32 15 33 22 41 23 24 42 43
20 10 11 12 29 16 17 18 37 26 44 27 28 34 50 35 36 45 46 51 52
20 5 19 6 7 8 9 20 21 24 25 26 27 30 31 44 45 46 47 48 49
20 7 8 9 10 11 12 24 25 28 29 34 35 38 39 40 54 50 51 52 53
20 10 11 12 29 16 36 17 18 26 44 27 28 37 38 39 40 45 46 53 54
20 7 24 8 9 13 14 15 16 17 18 25 26 27 46 32 33 36 37 44 45
20 0 1 2 14 3 4 13 32 15 33 26 27 30 31 44 45 46 47 48 49
20 0 4 1 2 3 17 10 11 12 13 14 15 16 36 18 37 28 29 32 33
20 0 1 2 14 3 4 10 28 11 12 13 32 15 33 29 30 31 49 47 48
20 7 8 9 10 11 12 22 41 23 43 24 25 28 29 42 56 55 59 57 58
20 7 8 9 10 11 12 16 17 18 37 24 25 28 29 34 50 35 36 51 52
20 0 4 1 2 3 17 16 36 18 37 22 41 23 43 42 56 55 59 57 58
20 7 8 9 10 11 12 13 14 15 33 24 25 28 29 30 47 31 32 48 49
20 7 8 9 10 11 12 13 14 15 16 17 18 24 25 28 29 32 33 36 37
20 5 19 6 21 16 36 17 18 20 39 22 23 37 38 40 41 42 43 53 54
20 0 4 1 11 2 3 10 28 12 29 30 47 31 49 48 58 55 59 56 57
20 0 4 1 11 2 3 10 28 12 29 16 17 18 37 34 50 35 36 51 52
20 0 4 1 11 2 3 10 28 12 29 26 44 27 46 45 57 55 56 58 59
20 0 4 1 2 3 17 16 36 18 37 30 47 31 49 48 58 55 59 56 57
20 7 8 9 25 13 32 14 15 22 41 23 24 33 34 35 52 42 43 50 51
20 5 19 6 21 20 39 26 27 30 31 38 53 40 54 44 45 46 47 48 49
20 0 4 1 2 3 17 13 14 15 16 18 37 32 33 34 50 35 36 51 52
20 5 6 10 11 12 29 19 20 21 22 23 43 26 44 27 28 41 42 45 46
20 5 6 16 17 18 19 20 21 34 50 35 52 36 37 51 59 55 56 57 58
20 5 6 7 8 9 10 11 12 19 20 21 22 23 43 24 25 28 29 41 42
20 5 6 19 20 21 22 23 43 38 53 39 40 41 42 54 55 56 57 58 59
20 5 6 16 17 18 19 20 21 36 37 38 53 39 40 54 55 56 57 58 59
20 5 6 16 17 18 19 20 21 26 27 30 31 36 37 44 45 46 47 48 49
20 5 6 16 17 18 19 20 39 21 22 23 43 36 37 38 53 40 54 41 42
20 5 6 19 20 21 22 23 43 26 27 30 31 41 42 44 45 46 47 48 49
20 5 6 16 17 18 19 20 21 30 31 34 35 36 37 47 48 49 50 51 52
20 5 6 10 11 12 13 14 15 19 20 21 22 23 43 28 29 32 33 41 42
