10 0 1 2 3 4 5 6 21 19 20
10 7 24 8 9 25 26 27 46 44 45
10 22 23 26 27 41 42 43 44 45 46
10 30 31 34 35 47 48 49 50 51 52
10 10 11 12 13 14 15 28 29 32 33
10 16 36 17 18 37 38 39 40 53 54
10 34 50 35 52 51 59 55 56 57 58
10 0 8 1 2 3 4 7 24 9 25
10 22 41 23 43 42 56 55 59 57 58
10 5 19 6 21 20 39 38 53 40 54
10 13 14 15 16 17 18 32 33 36 37
10 10 28 11 12 29 30 31 49 47 48
10 0 4 1 11 2 3 10 28 12 29
10 0 1 2 14 3 4 13 32 15 33
10 5 19 6 7 8 9 20 21 24 25
10 5 6 16 17 18 19 20 21 36 37
10 22 23 38 39 40 41 42 43 53 54
10 10 11 12 29 26 44 27 28 45 46
10 13 14 15 33 30 47 31 32 48 49
10 16 17 18 37 34 50 35 36 51 52
10 7 8 9 25 22 41 23 24 42 43
10 26 27 30 31 44 45 46 47 48 49
10 34 35 38 39 40 54 50 51 52 53
10 38 53 39 40 54 55 56 57 58 59
10 26 44 27 46 45 57 55 56 58 59
10 7 8 9 10 11 12 24 25 28 29
10 13 32 14 15 33 34 35 52 50 51
10 5 6 19 20 21 22 23 43 41 42
10 0 4 1 2 3 17 16 36 18 37
10 30 47 31 49 48 58 55 59 56 57
