26 3 17 18 37 19 20 21 22 23 24 29 30 31 32 41 42 43 44 45 46 47 48 49 50 51 52
26 0 8 3 4 7 24 17 18 29 30 31 32 37 38 39 40 44 45 46 47 48 58 49 50 56 57
26 3 17 9 10 18 19 20 21 24 25 28 29 30 47 31 32 37 38 39 40 48 58 49 50 56 57
26 3 17 15 33 16 36 21 22 23 24 29 30 31 32 40 41 42 43 44 45 46 47 48 49 53 54
26 1 11 2 14 3 17 12 29 13 32 21 22 23 24 40 54 41 42 43 44 45 46 50 51 52 53
26 7 8 11 12 13 14 17 18 22 41 23 24 29 30 31 32 37 38 39 40 42 56 43 44 49 50
26 3 17 9 10 15 16 21 22 23 43 24 25 28 29 32 33 34 50 35 36 40 41 42 56 57 58
26 0 8 3 4 7 24 15 33 22 23 29 30 31 32 34 35 38 39 40 41 42 56 43 44 49 50
26 1 2 3 17 9 25 13 14 21 22 23 24 30 47 31 32 40 41 42 43 48 58 49 50 56 57
26 0 8 3 17 4 5 6 21 7 24 29 30 31 32 40 54 44 45 46 47 48 49 50 51 52 53
26 1 11 2 3 12 29 16 17 21 22 23 24 34 50 35 36 40 41 42 56 43 44 45 46 57 58
26 3 17 9 10 21 22 23 43 24 25 28 29 30 47 31 32 40 54 41 42 48 49 50 51 52 53
26 0 8 1 11 2 3 4 5 12 29 16 17 34 50 35 36 40 41 42 56 43 44 45 46 57 58
26 0 4 3 17 5 6 10 28 21 22 23 43 29 30 31 32 47 48 49 50 51 59 52 53 57 58
26 1 2 3 17 9 25 13 14 18 19 23 24 30 47 31 32 37 38 42 43 48 58 49 50 56 57
26 0 4 3 17 5 6 10 28 15 16 21 22 23 43 29 30 35 36 40 41 42 56 47 48 57 58
26 1 11 2 3 12 29 16 17 21 22 23 24 34 50 35 36 43 44 45 46 51 59 52 53 57 58
26 1 11 2 3 12 29 16 17 18 19 23 24 34 50 35 36 37 38 42 56 43 44 45 46 57 58
26 4 5 18 37 19 20 25 26 27 28 33 34 35 36 41 42 43 44 45 46 47 48 49 50 51 52
26 0 8 1 11 4 5 18 37 19 20 33 34 35 36 41 42 43 44 45 46 47 48 49 50 51 52
26 0 8 3 4 7 24 9 10 17 18 25 26 31 32 37 38 39 40 44 45 52 53 54 55 56 57
26 1 11 2 3 9 10 12 29 16 17 21 22 27 28 34 50 35 36 40 41 42 56 45 46 57 58
26 0 8 3 4 7 24 9 10 17 18 25 26 31 32 37 38 39 40 44 45 48 58 49 50 56 57
26 3 17 9 25 10 28 18 19 23 24 29 30 31 32 37 38 42 43 47 48 49 50 51 52 53 54
26 0 8 1 11 2 14 15 33 16 36 20 39 37 38 40 41 42 43 44 45 46 47 48 49 53 54
26 0 8 1 11 2 14 3 17 4 5 6 21 7 24 40 54 44 45 46 47 48 49 50 51 52 53
26 5 19 6 7 8 9 10 11 12 13 14 15 20 39 21 22 31 32 33 34 35 52 38 53 45 57
26 5 6 10 11 12 13 14 15 16 17 18 19 20 39 21 22 23 43 26 44 27 28 29 30 51 59
26 0 4 3 17 10 28 15 16 18 37 22 23 26 27 29 30 35 36 38 39 40 41 46 47 48 58
26 1 2 3 17 9 25 16 36 21 22 23 24 26 27 30 31 34 35 40 41 42 56 43 44 49 50
26 0 1 2 14 6 21 10 11 12 13 15 16 20 39 26 44 27 28 29 30 40 54 51 59 55 56
26 0 1 4 5 6 21 10 11 12 13 18 19 20 39 26 44 27 28 29 30 40 54 51 59 55 56
26 5 19 8 9 10 11 12 13 14 15 20 39 25 26 31 32 33 34 35 52 38 53 40 41 54 55
26 5 19 8 9 10 11 12 13 14 15 20 39 25 26 27 28 29 30 35 52 38 53 43 44 51 59
26 5 19 6 7 8 9 13 14 17 18 23 24 25 26 27 46 30 47 31 32 37 38 48 58 49 50
26 3 17 15 16 18 19 20 21 22 41 23 24 29 30 31 49 32 33 36 37 42 56 43 44 55 59
26 5 19 8 9 10 11 14 15 20 39 25 26 27 28 33 34 35 52 38 53 43 44 49 50 51 59
26 2 14 6 7 12 13 15 16 20 21 22 41 23 24 25 26 31 49 32 33 36 37 48 58 55 59
26 0 1 2 14 6 7 8 9 13 32 15 16 23 24 25 26 27 46 33 34 50 51 54 55 58 59
26 0 1 2 14 3 17 4 5 6 21 13 32 22 23 26 27 30 31 40 41 46 47 52 53 54 55
26 4 5 12 13 18 19 20 39 25 26 27 46 28 29 32 33 36 37 38 53 40 41 54 55 58 59
26 2 14 6 7 12 13 15 16 20 21 22 41 31 49 32 33 36 37 42 56 45 57 48 58 55 59
26 7 8 11 12 13 14 15 16 17 18 22 41 23 24 29 30 35 36 37 38 39 40 42 56 43 44
26 3 17 9 10 15 16 21 22 23 43 24 25 28 29 32 33 34 50 35 36 51 59 52 53 57 58
26 0 1 2 14 6 21 13 32 20 39 22 23 26 27 30 31 37 38 40 41 46 47 52 53 54 55
26 1 11 2 3 12 29 16 17 18 19 23 24 30 31 36 37 38 53 46 47 48 49 54 55 58 59
26 2 3 4 5 6 7 12 13 14 15 19 20 21 22 35 52 41 42 45 57 48 58 51 59 55 56
26 7 8 9 10 11 12 13 14 15 16 17 18 22 41 27 28 29 30 35 36 37 38 39 40 42 56
26 0 1 4 5 6 21 13 32 22 23 26 27 30 31 33 34 35 36 40 41 42 56 43 44 49 50
26 2 14 3 4 7 24 15 16 17 18 25 26 27 28 33 34 39 40 44 45 46 47 54 55 56 57
26 0 8 1 11 2 3 4 5 14 15 19 20 33 34 35 52 41 42 43 44 45 57 46 47 55 56
26 5 19 8 9 13 14 15 16 17 18 20 39 25 26 27 46 30 47 35 36 37 38 40 41 48 58
26 3 17 9 10 15 16 18 19 20 21 24 25 26 44 35 52 36 37 45 57 48 58 51 59 55 56
26 5 19 8 9 13 14 17 18 20 39 25 26 27 46 30 47 31 32 37 38 40 41 48 58 49 50
26 5 6 7 8 11 12 16 17 18 19 23 24 29 30 31 49 34 50 35 36 37 38 42 56 43 44
26 1 11 2 3 12 29 19 20 21 22 23 24 30 31 34 35 38 39 40 41 42 56 43 44 49 50
26 3 17 9 10 15 16 18 19 20 21 22 41 27 28 29 30 31 49 32 33 36 37 42 56 55 59
26 0 1 4 5 6 21 10 11 26 44 27 28 33 34 35 36 40 54 49 50 51 59 52 53 55 56
26 0 1 2 14 3 17 4 5 6 21 10 11 26 44 27 28 40 54 49 50 51 59 52 53 55 56
26 4 5 6 7 12 13 18 19 20 39 21 22 23 43 24 25 28 29 32 33 34 50 51 59 57 58
26 2 3 4 5 12 29 19 20 25 26 27 28 30 31 34 35 38 39 40 41 46 47 48 58 49 50
26 0 8 3 17 4 5 6 21 7 24 9 10 25 26 31 32 40 54 44 45 48 49 50 51 52 53
26 5 6 7 8 9 10 11 12 16 17 18 19 20 39 21 22 27 28 29 30 31 49 34 50 51 59
26 1 11 2 3 9 10 12 13 14 15 19 20 21 22 27 28 29 30 35 52 41 42 51 59 55 56
26 0 4 1 11 2 14 3 17 7 8 9 10 18 37 22 41 27 28 42 56 49 50 51 52 55 59
26 0 8 3 4 7 24 15 16 17 18 22 23 29 30 35 52 36 37 41 42 43 44 51 59 55 56
26 1 11 2 3 9 10 12 29 19 20 21 22 27 28 30 31 34 35 38 39 45 57 46 47 52 53
26 0 8 3 4 7 24 15 16 17 18 29 30 39 40 44 45 46 47 48 58 51 59 54 55 56 57
26 0 8 1 2 6 7 9 25 13 14 15 16 23 24 30 47 35 36 37 38 42 43 48 58 56 57
26 4 5 6 21 7 24 25 26 27 28 33 34 35 36 40 54 44 45 46 47 48 49 50 51 52 53
26 1 11 12 29 13 32 18 19 20 39 21 22 23 24 33 34 40 54 41 42 43 44 45 46 50 51
26 0 8 9 10 15 16 20 39 25 26 27 46 28 29 32 33 36 37 38 53 40 41 54 55 58 59
26 0 4 3 17 10 28 15 16 18 37 22 23 26 27 29 30 35 36 38 39 40 41 42 56 43 44
26 0 4 1 11 10 28 12 13 18 37 22 23 26 27 29 30 35 36 38 39 43 44 51 59 52 53
26 0 1 4 5 6 21 13 32 22 23 26 27 30 31 33 34 35 36 40 41 46 47 52 53 54 55
26 1 2 3 17 9 25 16 36 18 19 23 24 26 27 30 31 34 35 37 38 42 56 43 44 49 50
26 1 11 2 3 9 10 12 29 19 20 21 22 27 28 30 31 34 35 38 39 49 50 51 59 52 53
26 5 6 10 11 14 15 16 17 18 19 23 43 26 44 27 28 33 34 42 56 49 50 51 59 54 55
26 2 3 4 5 12 29 19 20 25 26 27 28 30 31 34 35 38 39 40 41 42 56 43 44 49 50
26 2 14 6 7 20 21 24 25 26 44 27 28 37 38 39 40 45 46 47 48 49 50 51 52 53 54
26 0 8 1 2 9 25 13 14 15 16 20 39 30 47 35 36 37 38 40 41 42 43 48 58 56 57
26 4 5 6 7 12 13 18 19 20 21 22 41 31 49 32 33 36 37 42 56 45 57 48 58 55 59
26 2 3 4 5 6 7 12 29 16 17 18 19 27 28 34 50 35 36 37 38 42 56 45 46 57 58
26 1 11 2 3 9 10 14 15 19 20 21 22 27 28 33 34 35 52 41 42 49 50 51 59 55 56
26 5 6 7 8 9 10 11 12 16 17 18 19 27 28 29 30 31 49 34 50 35 36 37 38 42 56
26 0 8 3 4 7 24 9 10 15 33 22 23 25 26 31 32 34 35 38 39 40 41 48 58 49 50
26 0 1 4 5 6 7 8 9 13 32 18 19 20 39 21 22 27 46 33 34 45 57 50 51 58 59
26 4 5 12 13 18 19 20 39 25 26 27 46 28 29 32 33 36 37 38 53 43 44 45 57 58 59
26 2 14 6 7 12 13 15 16 20 21 22 41 27 28 29 30 31 49 32 33 36 37 42 56 55 59
26 2 14 3 17 4 5 18 37 19 20 25 26 27 28 41 42 43 44 45 46 47 48 49 50 51 52
26 0 8 1 11 2 14 3 17 4 5 18 37 19 20 41 42 43 44 45 46 47 48 49 50 51 52
26 5 6 7 8 11 12 16 17 18 19 20 39 21 22 23 24 29 30 31 49 34 50 43 44 51 59
26 0 8 3 4 7 24 15 33 22 23 29 30 31 32 34 35 38 39 43 44 45 57 46 47 52 53
26 5 19 6 7 8 9 13 14 17 18 27 46 30 47 31 32 37 38 42 56 45 57 52 53 54 55
26 0 8 1 11 2 14 3 4 7 24 15 33 22 23 34 35 38 39 43 44 49 50 51 59 52 53
26 0 1 2 14 3 17 4 5 6 21 13 32 22 23 26 27 30 31 40 41 42 56 43 44 49 50
26 0 1 2 14 3 17 4 5 6 21 13 32 22 23 26 27 30 31 43 44 49 50 51 59 52 53
26 0 8 1 2 3 4 5 19 11 12 20 39 29 30 31 49 34 50 35 52 38 53 43 44 51 59
26 0 1 4 5 6 21 10 11 12 13 18 19 20 39 26 44 31 32 33 34 40 54 45 57 55 56
26 0 8 9 10 15 33 16 36 20 39 25 26 31 32 37 38 40 41 42 43 44 45 48 49 53 54
26 0 4 1 11 5 6 10 28 18 19 23 43 33 34 35 36 37 38 42 56 47 48 49 50 57 58
26 0 8 6 7 9 10 15 33 16 36 23 24 25 26 31 32 37 38 42 43 44 45 48 49 53 54
26 2 14 6 7 12 13 15 33 16 36 23 24 25 26 31 32 37 38 42 43 44 45 48 49 53 54
26 0 1 4 5 8 9 13 32 18 19 20 39 25 26 27 46 33 34 43 44 45 57 50 51 58 59
26 0 8 1 11 2 3 4 5 12 29 19 20 30 31 34 35 38 39 43 44 49 50 51 59 52 53
26 0 1 4 5 6 21 10 11 12 13 18 19 20 39 26 44 40 54 45 57 48 58 51 59 55 56
26 0 8 1 2 6 7 9 25 13 14 15 16 23 24 30 47 42 43 48 58 51 59 54 55 56 57
26 5 6 7 8 9 10 11 12 16 17 18 19 23 24 25 26 31 49 34 50 35 36 37 38 48 58
26 0 4 1 11 2 14 3 17 7 8 18 37 22 41 23 24 42 56 43 44 49 50 51 52 55 59
26 0 4 1 11 2 14 3 17 7 8 18 37 22 41 23 24 46 47 48 58 49 50 51 52 55 59
26 0 4 1 11 7 8 12 13 18 37 22 41 23 24 29 30 35 36 42 56 43 44 51 52 55 59
26 0 8 1 11 2 14 3 4 7 24 15 33 22 23 34 35 38 39 40 41 42 56 43 44 49 50
26 0 1 2 14 3 17 4 5 8 9 13 32 25 26 27 46 43 44 45 57 50 51 52 53 58 59
26 0 4 3 17 7 8 18 37 22 41 23 24 29 30 31 32 46 47 48 58 49 50 51 52 55 59
26 2 14 3 17 4 5 6 21 7 24 25 26 27 28 40 54 44 45 46 47 48 49 50 51 52 53
26 0 8 1 11 4 5 6 21 7 24 33 34 35 36 40 54 44 45 46 47 48 49 50 51 52 53
26 2 14 6 21 7 24 20 39 25 26 27 28 37 38 40 54 44 45 46 47 48 49 50 51 52 53
26 1 11 2 3 12 29 16 17 18 19 23 24 34 50 42 56 43 44 45 46 51 59 54 55 57 58
26 1 11 9 10 12 13 18 19 23 43 24 25 28 29 32 33 34 50 42 56 51 59 54 55 57 58
26 0 8 6 7 9 10 15 16 20 21 24 25 26 44 27 28 29 30 35 52 36 37 51 59 55 56
26 0 8 1 2 6 7 9 25 13 14 23 24 30 47 31 32 37 38 42 43 48 58 49 50 56 57
26 5 19 6 7 8 9 13 14 17 18 20 39 21 22 27 46 30 47 31 32 37 38 45 57 52 53
26 5 19 6 7 8 9 10 11 12 13 14 15 31 32 33 34 35 52 38 53 42 56 45 57 54 55
26 0 8 15 33 16 36 20 39 29 30 31 32 37 38 40 41 42 43 44 45 46 47 48 49 53 54
26 1 2 3 17 9 25 13 14 21 22 23 24 30 47 31 32 40 41 42 43 52 53 54 55 56 57
26 5 6 7 8 9 10 11 12 16 17 18 19 31 49 34 50 42 56 45 57 48 58 51 59 54 55
26 0 4 3 17 5 6 10 28 15 16 21 22 23 43 29 30 35 36 47 48 51 59 52 53 57 58
26 0 1 4 5 6 21 13 32 22 23 26 27 30 31 33 34 35 36 40 41 46 47 48 58 49 50
26 0 1 2 14 3 17 4 5 6 21 13 32 22 23 26 27 30 31 40 41 46 47 48 58 49 50
26 5 19 8 9 13 14 17 18 20 39 25 26 27 46 30 47 31 32 37 38 40 41 52 53 54 55
26 0 8 1 2 3 17 4 5 9 25 16 36 26 27 30 31 34 35 40 41 46 47 48 58 49 50
26 0 4 1 11 2 14 3 17 5 6 10 28 18 19 23 43 37 38 42 56 47 48 49 50 57 58
26 0 4 3 17 5 6 10 28 18 19 23 43 29 30 31 32 37 38 42 56 47 48 49 50 57 58
26 0 8 1 2 9 25 13 14 15 16 20 39 30 47 40 41 42 43 48 58 51 59 54 55 56 57
26 5 6 10 11 12 13 14 15 16 17 18 19 23 43 26 44 27 28 29 30 35 36 37 38 42 56
26 0 4 3 17 7 8 9 10 18 37 22 41 27 28 29 30 31 32 42 56 49 50 51 52 55 59
26 4 5 12 13 25 26 27 46 28 29 32 33 34 50 35 36 40 41 42 43 44 45 51 52 53 54
26 0 8 6 21 7 24 9 25 10 28 15 16 20 39 29 30 40 54 47 48 51 59 55 56 57 58
26 5 19 6 7 8 9 10 11 12 13 14 15 27 28 29 30 35 52 38 53 42 56 51 59 54 55
26 2 14 6 7 12 13 20 21 24 25 28 29 30 47 31 32 37 38 39 40 48 58 49 50 56 57
26 2 14 12 13 15 16 20 39 25 26 27 46 28 29 32 33 36 37 38 53 40 41 54 55 58 59
26 1 11 2 3 9 10 12 13 14 15 19 20 21 22 35 52 41 42 45 57 48 58 51 59 55 56
26 5 19 8 9 10 11 12 13 14 15 20 39 25 26 35 52 38 53 40 41 48 58 51 59 54 55
26 5 19 8 9 10 11 12 13 14 15 20 39 25 26 31 32 33 34 35 52 38 53 43 44 45 57
26 0 8 1 11 4 5 6 21 7 24 18 19 20 39 33 34 40 54 44 45 46 47 48 49 50 51
26 2 14 3 4 5 19 15 33 20 39 25 26 27 28 38 53 43 44 45 57 46 47 48 49 58 59
26 1 11 9 10 12 13 18 19 20 39 21 22 23 43 24 25 28 29 32 33 34 50 51 59 57 58
26 2 14 3 4 5 19 6 7 15 33 20 39 21 22 27 28 38 53 45 57 46 47 48 49 58 59
26 0 4 1 11 2 14 3 17 10 28 18 37 22 23 26 27 38 39 40 41 42 56 43 44 49 50
26 4 5 6 7 12 13 18 19 20 21 24 25 28 29 30 47 35 36 37 38 39 40 48 58 56 57
26 0 1 2 3 4 5 8 9 16 17 25 26 27 46 30 47 31 49 34 50 35 36 40 41 48 58
26 0 8 6 7 9 10 15 16 20 21 24 25 28 29 30 47 35 36 37 38 39 40 48 58 56 57
26 0 8 1 11 2 14 3 17 4 5 12 29 13 32 40 54 41 42 43 44 45 46 50 51 52 53
26 5 6 10 11 12 13 14 15 16 17 21 22 23 43 26 44 35 36 40 41 42 56 45 57 48 58
26 0 4 1 11 10 28 12 13 18 37 22 23 26 27 29 30 35 36 38 39 40 41 42 56 43 44
26 0 8 3 4 7 24 9 10 15 33 22 23 25 26 31 32 34 35 38 39 43 44 45 57 52 53
26 2 3 4 5 12 29 19 20 25 26 27 28 30 31 34 35 38 39 43 44 49 50 51 59 52 53
26 0 1 2 14 8 9 13 32 15 16 20 39 25 26 27 46 33 34 40 41 50 51 54 55 58 59
26 0 8 6 21 7 24 9 10 15 16 20 39 25 26 31 32 33 34 40 54 44 45 48 49 50 51
26 0 8 3 17 4 5 9 10 15 33 16 36 25 26 31 32 40 41 42 43 44 45 48 49 53 54
26 0 8 3 4 5 19 9 10 15 33 20 39 25 26 31 32 38 53 40 41 48 49 54 55 58 59
26 2 14 3 4 5 19 12 13 15 33 20 39 25 26 31 32 38 53 40 41 48 49 54 55 58 59
26 0 8 3 4 7 24 9 10 15 33 22 23 25 26 31 32 34 35 38 39 40 41 52 53 54 55
26 2 14 3 17 4 5 6 7 12 29 13 32 21 22 27 28 40 54 41 42 45 46 50 51 52 53
26 4 5 6 7 12 29 13 32 18 19 20 39 21 22 27 28 33 34 40 54 41 42 45 46 50 51
26 0 8 6 7 9 10 15 16 20 21 22 41 27 28 29 30 31 49 32 33 36 37 42 56 55 59
26 0 8 1 11 2 14 3 4 7 24 17 18 37 38 39 40 44 45 46 47 52 53 54 55 56 57
26 0 4 3 17 7 8 15 16 18 37 22 41 23 24 29 30 35 36 42 56 43 44 51 52 55 59
26 0 4 1 11 7 8 18 37 22 41 23 24 33 34 35 36 42 56 43 44 49 50 51 52 55 59
26 0 8 3 4 7 24 15 16 17 18 29 30 35 36 37 38 39 40 44 45 46 47 48 58 56 57
26 1 11 2 3 12 29 19 20 21 22 23 24 30 31 34 35 38 39 40 41 46 47 48 58 49 50
26 0 8 15 16 20 39 29 30 31 49 32 33 36 37 38 53 40 54 41 42 43 44 45 46 47 48
26 0 4 3 17 5 6 10 28 15 16 18 19 20 39 21 22 23 43 29 30 47 48 51 59 57 58
26 0 4 1 11 10 28 18 37 22 23 26 27 33 34 35 36 38 39 40 41 42 56 43 44 49 50
26 0 4 1 11 10 28 18 37 22 23 26 27 33 34 35 36 38 39 43 44 45 57 46 47 52 53
26 0 8 1 11 2 14 3 4 7 24 15 33 22 23 34 35 38 39 40 41 46 47 48 58 49 50
26 7 8 9 10 11 12 13 14 17 18 22 41 27 28 29 30 31 32 37 38 39 40 42 56 49 50
26 5 6 7 8 11 12 16 17 21 22 23 24 29 30 31 49 34 50 35 36 40 41 42 56 43 44
26 0 8 1 2 6 7 11 12 16 36 23 24 29 30 31 49 37 38 42 56 43 44 53 54 55 59
26 0 1 2 14 3 17 4 5 6 21 10 11 12 13 26 44 31 32 40 54 45 57 52 53 55 56
26 7 24 8 9 10 11 12 13 14 15 16 17 18 37 22 23 25 26 35 36 38 39 40 41 48 58
26 0 8 1 11 2 3 4 5 12 29 19 20 30 31 34 35 38 39 40 41 46 47 48 58 49 50
26 5 6 10 11 14 15 16 17 18 19 23 43 26 44 27 28 33 34 35 36 37 38 42 56 49 50
26 2 14 3 17 4 5 15 33 16 36 25 26 27 28 40 41 42 43 44 45 46 47 48 49 53 54
26 0 1 2 14 6 7 8 9 13 32 23 24 25 26 27 46 37 38 50 51 52 53 54 55 58 59
26 5 6 7 8 11 12 16 17 21 22 23 24 29 30 31 49 34 50 35 36 43 44 51 59 52 53
26 0 1 2 14 3 4 10 11 17 18 22 41 23 43 26 44 27 28 37 38 39 40 42 56 49 50
26 0 1 4 5 6 21 13 32 22 23 26 27 30 31 33 34 35 36 43 44 45 57 46 47 52 53
26 7 8 11 12 13 14 17 18 22 41 23 24 29 30 31 32 37 38 39 40 46 47 48 58 49 50
26 4 5 12 13 18 37 19 20 25 26 27 28 29 30 35 36 41 42 43 44 45 46 47 48 51 52
26 0 1 4 5 8 9 13 32 25 26 27 46 33 34 35 36 40 41 50 51 52 53 54 55 58 59
26 1 2 3 17 11 12 16 36 18 19 23 24 29 30 31 49 37 38 46 47 48 58 53 54 55 59
26 0 8 6 21 7 24 9 10 20 39 25 26 31 32 37 38 40 54 44 45 48 49 50 51 52 53
26 3 17 15 16 18 37 19 20 21 22 23 24 29 30 35 36 41 42 43 44 45 46 47 48 51 52
26 0 8 1 11 2 14 6 7 15 33 16 36 23 24 37 38 42 43 44 45 46 47 48 49 53 54
26 0 1 4 5 8 9 13 32 25 26 27 46 33 34 35 36 43 44 45 57 50 51 52 53 58 59
26 4 5 6 7 18 19 20 21 24 25 26 44 27 28 33 34 35 52 36 37 45 57 46 47 55 56
26 0 1 2 14 6 7 8 9 13 32 15 16 27 46 33 34 42 56 45 57 50 51 54 55 58 59
26 0 1 4 5 6 7 8 9 13 32 21 22 27 46 33 34 35 36 45 57 50 51 52 53 58 59
26 5 6 7 8 11 12 16 17 21 22 23 24 29 30 31 49 34 50 35 36 40 41 46 47 48 58
26 2 3 4 5 12 29 19 20 25 26 27 28 30 31 34 35 38 39 43 44 45 57 46 47 52 53
26 1 2 3 17 9 10 11 12 16 36 18 19 27 28 29 30 31 49 37 38 42 56 53 54 55 59
26 0 4 3 17 5 6 10 28 15 16 18 19 23 43 29 30 42 56 47 48 51 59 54 55 57 58
26 0 8 6 21 7 24 15 16 20 39 29 30 31 32 33 34 40 54 44 45 46 47 48 49 50 51
26 0 4 3 17 5 6 10 28 15 16 18 19 23 43 29 30 35 36 37 38 42 56 47 48 57 58
26 4 5 6 7 18 37 19 20 21 22 27 28 33 34 35 36 41 42 45 46 47 48 49 50 51 52
26 3 17 15 16 18 19 20 21 22 41 23 24 29 30 31 49 32 33 36 37 46 47 48 58 55 59
26 0 1 2 14 8 9 13 32 20 39 25 26 27 46 37 38 40 41 50 51 52 53 54 55 58 59
26 5 6 7 8 9 25 13 32 14 15 16 17 18 19 23 24 26 27 30 31 33 34 46 47 54 55
26 0 1 2 14 3 17 4 5 6 7 8 9 13 32 21 22 27 46 45 57 50 51 52 53 58 59
26 2 3 4 5 12 29 19 20 25 26 27 28 30 31 34 35 38 39 40 41 46 47 52 53 54 55
26 7 8 11 12 13 14 17 18 22 41 23 24 29 30 31 32 37 38 39 40 46 47 52 53 54 55
26 3 17 15 33 16 36 18 19 23 24 29 30 31 32 37 38 42 43 44 45 46 47 48 49 53 54
26 0 8 1 2 3 17 4 5 9 25 16 36 26 27 30 31 34 35 43 44 49 50 51 59 52 53
26 5 19 8 9 13 14 15 16 17 18 20 39 25 26 27 46 30 47 43 44 45 57 48 58 51 59
26 0 1 4 5 6 7 8 9 13 32 18 19 27 46 33 34 42 56 45 57 50 51 54 55 58 59
26 0 8 3 4 5 19 9 10 15 33 20 39 25 26 31 32 38 53 43 44 45 57 48 49 58 59
26 1 11 2 3 14 15 19 20 21 22 23 24 33 34 35 52 41 42 43 44 49 50 51 59 55 56
26 5 19 8 9 10 11 14 15 20 39 25 26 27 28 33 34 35 52 38 53 40 41 46 47 54 55
26 1 2 3 17 11 12 16 36 21 22 23 24 29 30 31 49 40 41 42 56 43 44 53 54 55 59
26 7 8 11 12 13 14 15 16 17 18 22 41 23 24 29 30 39 40 42 56 43 44 51 59 54 55
26 5 19 6 7 8 9 13 14 15 16 17 18 20 39 21 22 27 46 30 47 31 32 33 34 45 57
26 2 3 4 5 14 15 19 20 25 26 27 28 33 34 35 52 41 42 43 44 49 50 51 59 55 56
26 0 4 3 17 10 28 18 37 22 23 26 27 29 30 31 32 38 39 40 41 42 56 43 44 49 50
26 0 1 2 14 6 21 13 32 15 16 20 39 22 23 26 27 30 31 33 34 43 44 45 57 46 47
26 0 4 1 11 2 3 7 8 14 15 22 41 23 24 33 34 35 52 38 53 39 40 46 47 54 55
26 0 4 1 11 2 14 3 17 5 6 10 28 21 22 23 43 40 41 42 56 47 48 49 50 57 58
26 7 8 11 12 13 14 15 16 17 18 22 41 23 24 29 30 31 32 33 34 39 40 46 47 54 55
26 0 4 1 11 5 6 10 28 12 13 18 19 20 39 21 22 23 43 29 30 47 48 51 59 57 58
26 1 2 3 17 9 10 11 12 16 36 21 22 27 46 28 29 34 35 45 57 50 51 52 53 58 59
26 0 8 1 11 2 3 4 5 12 29 16 17 34 50 35 36 43 44 45 46 51 59 52 53 57 58
26 4 5 6 7 12 13 18 19 20 21 24 25 26 44 31 32 33 34 35 52 36 37 45 57 55 56
26 5 19 6 21 10 28 11 12 13 14 15 16 17 18 20 39 22 23 26 27 29 30 43 44 51 59
26 5 6 10 11 12 13 14 15 16 17 21 22 23 43 26 44 31 32 33 34 35 36 45 57 52 53
26 0 8 1 11 2 3 4 5 12 13 14 15 19 20 29 30 35 52 41 42 43 44 51 59 55 56
26 2 14 3 17 4 5 12 13 15 33 16 36 25 26 31 32 40 41 42 43 44 45 48 49 53 54
26 0 8 1 2 6 7 9 25 13 14 23 24 30 47 31 32 37 38 42 43 52 53 54 55 56 57
26 0 4 3 17 5 6 10 28 21 22 23 43 29 30 31 32 40 41 42 56 47 48 49 50 57 58
26 7 8 9 10 11 12 13 14 17 18 22 41 23 24 25 26 31 32 37 38 39 40 48 58 49 50
26 2 14 6 7 12 13 15 16 20 21 24 25 28 29 30 47 31 32 33 34 39 40 54 55 56 57
26 2 14 3 4 5 19 12 13 15 33 20 39 25 26 31 32 38 53 43 44 45 57 48 49 58 59
26 0 8 1 11 2 14 9 25 10 28 20 39 37 38 40 41 42 43 47 48 49 50 51 52 53 54
26 5 6 7 8 11 12 16 17 18 19 23 24 29 30 31 49 34 50 35 36 37 38 46 47 48 58
26 7 8 11 12 13 14 15 16 17 18 22 41 23 24 29 30 35 36 37 38 39 40 46 47 48 58
26 7 8 9 10 11 12 13 14 15 16 17 18 22 41 23 24 25 26 35 36 37 38 39 40 48 58
26 0 8 3 4 7 24 15 16 17 18 29 30 31 32 33 34 39 40 44 45 46 47 54 55 56 57
26 0 8 1 2 6 7 9 25 16 36 23 24 26 27 30 31 34 35 37 38 46 47 52 53 54 55
26 0 1 2 14 3 17 4 5 6 21 13 32 22 23 26 27 30 31 43 44 45 57 46 47 52 53
26 5 6 10 11 12 13 14 15 16 17 21 22 23 43 26 44 35 36 45 57 48 58 51 59 52 53
26 2 14 3 4 7 24 12 13 15 16 17 18 25 26 39 40 44 45 48 58 51 59 54 55 56 57
26 5 19 6 7 8 9 10 11 14 15 23 24 25 26 27 28 33 34 35 52 38 53 46 47 54 55
26 3 17 9 25 10 28 21 22 23 24 29 30 31 32 40 41 42 43 47 48 49 50 51 52 53 54
26 2 14 3 17 4 5 6 21 7 24 12 13 25 26 31 32 40 54 44 45 48 49 50 51 52 53
26 0 4 3 17 7 8 15 16 18 37 22 41 23 24 29 30 35 36 46 47 48 58 51 52 55 59
26 0 8 6 7 9 10 15 16 20 21 24 25 26 44 35 52 36 37 45 57 48 58 51 59 55 56
26 0 4 1 11 10 28 12 13 18 37 22 23 26 27 29 30 35 36 38 39 40 41 46 47 48 58
26 0 8 1 2 3 17 4 5 9 25 13 14 30 47 31 32 40 41 42 43 48 58 49 50 56 57
26 2 3 4 5 6 7 12 29 16 17 21 22 27 28 34 50 35 36 45 46 51 59 52 53 57 58
26 1 11 2 3 12 29 19 20 21 22 23 24 30 31 34 35 38 39 40 41 46 47 52 53 54 55
26 2 3 4 5 14 15 19 20 25 26 27 28 33 34 35 52 41 42 43 44 45 57 46 47 55 56
26 7 8 11 12 13 14 15 16 17 18 22 41 23 24 29 30 39 40 46 47 48 58 51 59 54 55
26 7 8 9 10 11 12 13 14 17 18 22 41 31 32 37 38 39 40 42 56 45 57 48 58 49 50
26 0 8 3 17 4 5 9 25 10 28 29 30 31 32 40 41 42 43 47 48 49 50 51 52 53 54
26 3 17 9 10 18 19 20 21 24 25 28 29 30 47 31 32 37 38 39 40 52 53 54 55 56 57
26 3 17 9 10 18 37 19 20 21 22 27 28 29 30 31 32 41 42 45 46 47 48 49 50 51 52
26 0 8 9 25 10 28 15 16 20 39 29 30 35 36 37 38 40 41 42 43 47 48 51 52 53 54
26 2 14 3 4 5 19 15 33 20 39 25 26 27 28 38 53 40 41 46 47 48 49 54 55 58 59
26 5 6 7 8 9 10 11 12 16 17 18 19 27 28 29 30 31 49 34 50 42 56 51 59 54 55
26 4 5 6 7 18 19 20 21 24 25 26 44 27 28 33 34 35 52 36 37 49 50 51 59 55 56
26 2 14 3 17 4 5 6 7 18 37 19 20 21 22 27 28 41 42 45 46 47 48 49 50 51 52
26 4 5 6 7 12 13 18 19 20 21 22 41 23 24 25 26 31 49 32 33 36 37 48 58 55 59
26 0 8 3 17 4 5 15 16 18 37 19 20 29 30 35 36 41 42 43 44 45 46 47 48 51 52
26 1 11 2 14 3 17 9 10 18 37 19 20 21 22 27 28 41 42 45 46 47 48 49 50 51 52
26 7 8 9 10 11 12 13 14 17 18 22 41 31 32 37 38 39 40 42 56 45 57 52 53 54 55
26 0 4 1 11 10 28 18 37 22 23 26 27 33 34 35 36 38 39 43 44 49 50 51 59 52 53
26 0 8 1 2 3 17 4 5 9 10 11 12 16 36 25 26 31 49 40 41 48 58 53 54 55 59
26 0 8 9 10 15 16 20 39 25 26 27 46 28 29 32 33 36 37 38 53 43 44 45 57 58 59
26 0 8 9 25 10 28 20 39 29 30 31 32 37 38 40 41 42 43 47 48 49 50 51 52 53 54
26 0 1 2 14 8 9 13 32 15 16 20 39 25 26 27 46 33 34 43 44 45 57 50 51 58 59
26 0 8 1 2 3 17 4 5 9 25 13 14 30 47 31 32 40 41 42 43 52 53 54 55 56 57
26 5 6 7 8 9 10 11 12 13 14 15 33 19 20 21 22 31 32 34 35 38 39 45 57 52 53
26 7 8 9 10 11 12 13 14 15 16 17 18 22 41 27 28 29 30 39 40 42 56 51 59 54 55
26 4 5 6 7 12 13 21 22 23 43 24 25 28 29 32 33 34 50 35 36 51 59 52 53 57 58
26 4 5 12 29 13 32 25 26 27 28 33 34 35 36 40 54 41 42 43 44 45 46 50 51 52 53
26 0 1 4 5 8 9 13 32 18 19 20 39 25 26 27 46 33 34 40 41 50 51 54 55 58 59
26 5 6 10 11 12 13 14 15 16 17 21 22 23 43 26 44 27 28 29 30 35 36 40 41 42 56
26 4 5 12 29 13 32 18 19 20 39 25 26 27 28 33 34 40 54 41 42 43 44 45 46 50 51
26 5 19 8 9 13 14 15 16 17 18 20 39 25 26 27 46 30 47 31 32 33 34 43 44 45 57
26 0 4 1 2 3 17 5 6 13 14 21 22 23 43 26 44 27 46 30 47 31 32 45 57 52 53
26 7 8 9 10 11 12 13 14 15 16 17 18 22 41 35 36 37 38 39 40 42 56 45 57 48 58
26 0 8 6 21 7 24 20 39 29 30 31 32 37 38 40 54 44 45 46 47 48 49 50 51 52 53
26 2 3 4 5 12 29 16 17 25 26 27 28 34 50 35 36 40 41 42 56 43 44 45 46 57 58
26 5 19 6 7 8 9 10 11 12 13 14 15 35 52 38 53 42 56 45 57 48 58 51 59 54 55
26 2 3 4 5 12 29 16 17 18 19 20 39 25 26 27 28 34 50 43 44 45 46 51 59 57 58
26 3 17 9 10 15 16 18 19 20 39 21 22 27 46 28 29 32 33 36 37 38 53 45 57 58 59
26 7 8 9 10 11 12 13 14 15 16 17 18 22 41 31 32 33 34 39 40 42 56 45 57 54 55
26 3 17 9 10 15 16 18 19 20 39 21 22 23 43 24 25 28 29 32 33 34 50 51 59 57 58
26 0 8 1 2 11 12 16 36 20 39 29 30 31 49 37 38 40 41 42 56 43 44 53 54 55 59
26 7 8 9 10 11 12 13 14 15 16 17 18 22 41 39 40 42 56 45 57 48 58 51 59 54 55
26 5 6 7 8 11 12 16 17 18 19 23 24 29 30 31 49 34 50 42 56 43 44 51 59 54 55
26 3 17 9 10 15 16 18 19 23 43 24 25 28 29 32 33 34 50 35 36 37 38 42 56 57 58
26 0 8 3 4 5 19 6 7 15 33 23 24 29 30 31 32 38 53 46 47 48 49 54 55 58 59
26 0 4 3 17 7 8 18 37 22 41 23 24 29 30 31 32 42 56 43 44 49 50 51 52 55 59
26 0 4 1 11 10 28 18 37 22 23 26 27 33 34 35 36 38 39 40 41 46 47 48 58 49 50
26 0 1 4 5 6 21 10 11 12 13 26 44 35 36 40 54 45 57 48 58 51 59 52 53 55 56
26 0 8 1 2 6 7 11 12 16 36 23 24 29 30 31 49 37 38 46 47 48 58 53 54 55 59
26 5 19 6 7 8 9 13 14 15 16 17 18 23 24 25 26 27 46 30 47 35 36 37 38 48 58
26 0 8 3 17 4 5 9 25 10 28 15 16 29 30 35 36 40 41 42 43 47 48 51 52 53 54
26 2 14 6 7 12 29 13 32 20 39 21 22 27 28 37 38 40 54 41 42 45 46 50 51 52 53
26 0 8 3 4 7 24 15 33 22 23 29 30 31 32 34 35 38 39 43 44 49 50 51 59 52 53
26 7 8 9 10 11 12 13 14 15 16 17 18 22 41 23 24 25 26 31 32 33 34 39 40 54 55
26 1 11 9 25 10 28 18 19 23 24 33 34 35 36 37 38 42 43 47 48 49 50 51 52 53 54
26 1 2 3 17 9 25 13 14 15 16 21 22 23 24 30 47 35 36 40 41 42 43 48 58 56 57
26 1 11 2 3 12 13 14 15 19 20 21 22 23 24 29 30 35 52 41 42 43 44 51 59 55 56
26 5 6 7 8 11 12 16 17 18 19 23 24 29 30 31 49 34 50 46 47 48 58 51 59 54 55
26 5 19 8 9 10 11 14 15 20 39 25 26 27 28 33 34 35 52 38 53 43 44 45 57 46 47
26 0 1 2 14 6 21 10 11 20 39 26 44 27 28 37 38 40 54 45 57 46 47 52 53 55 56
26 0 4 1 11 5 6 10 28 12 13 18 19 23 43 29 30 42 56 47 48 51 59 54 55 57 58
26 0 1 2 14 6 21 13 32 20 39 22 23 26 27 30 31 37 38 40 41 42 56 43 44 49 50
26 3 17 9 10 15 16 18 37 19 20 21 22 27 28 29 30 35 36 41 42 45 46 47 48 51 52
26 1 11 2 3 12 29 19 20 21 22 23 24 30 31 34 35 38 39 43 44 49 50 51 59 52 53
26 0 8 1 2 6 7 9 25 16 36 23 24 26 27 30 31 34 35 37 38 42 56 43 44 49 50
26 0 4 3 17 7 8 9 10 18 37 22 41 31 32 42 56 45 57 48 58 49 50 51 52 55 59
26 0 8 3 4 5 19 15 33 20 39 29 30 31 32 38 53 43 44 45 57 46 47 48 49 58 59
26 4 5 6 21 7 24 12 13 25 26 31 32 33 34 35 36 40 54 44 45 48 49 50 51 52 53
26 0 8 1 2 9 25 16 36 20 39 26 27 30 31 34 35 37 38 43 44 45 57 46 47 52 53
26 0 8 1 11 2 3 4 5 12 29 19 20 30 31 34 35 38 39 40 41 42 56 43 44 49 50
26 0 8 1 11 2 14 12 29 13 32 20 39 37 38 40 54 41 42 43 44 45 46 50 51 52 53
26 0 4 3 17 7 8 9 10 15 16 18 37 22 41 27 28 29 30 35 36 42 56 51 52 55 59
26 5 6 7 8 9 10 11 12 16 17 18 19 23 24 25 26 31 49 34 50 48 58 51 59 54 55
26 0 4 1 11 5 6 10 28 12 13 18 19 23 43 29 30 35 36 37 38 42 56 47 48 57 58
26 3 17 9 25 10 28 15 16 21 22 23 24 29 30 35 36 40 41 42 43 47 48 51 52 53 54
26 1 2 3 17 9 25 16 36 21 22 23 24 26 27 30 31 34 35 40 41 46 47 52 53 54 55
26 0 8 1 11 4 5 9 25 10 28 33 34 35 36 40 41 42 43 47 48 49 50 51 52 53 54
26 4 5 6 7 12 13 18 19 23 43 24 25 28 29 32 33 34 50 42 56 51 59 54 55 57 58
26 0 1 2 14 6 21 10 11 12 13 15 16 20 39 26 44 31 32 33 34 40 54 45 57 55 56
26 0 8 1 11 2 14 6 21 7 24 20 39 37 38 40 54 44 45 46 47 48 49 50 51 52 53
26 1 2 3 17 9 10 11 12 16 36 21 22 31 49 40 41 42 56 45 57 48 58 53 54 55 59
26 4 5 6 7 12 13 18 19 20 21 24 25 28 29 30 47 39 40 48 58 51 59 54 55 56 57
26 3 17 9 10 15 33 16 36 18 19 23 24 25 26 31 32 37 38 42 43 44 45 48 49 53 54
26 7 8 9 10 11 12 13 14 17 18 22 41 23 24 25 26 31 32 37 38 39 40 52 53 54 55
26 0 1 4 5 6 21 10 11 12 13 22 23 28 29 30 47 35 36 40 41 42 43 48 58 56 57
26 0 1 2 14 8 9 13 32 20 39 25 26 27 46 37 38 43 44 45 57 50 51 52 53 58 59
26 0 4 3 17 10 28 15 16 18 37 22 23 26 27 29 30 35 36 38 39 43 44 51 59 52 53
26 0 4 1 11 2 14 3 17 10 28 18 37 22 23 26 27 38 39 43 44 45 57 46 47 52 53
26 0 8 6 7 9 10 20 21 24 25 28 29 30 47 31 32 37 38 39 40 48 58 49 50 56 57
26 0 1 4 5 6 21 13 32 22 23 26 27 30 31 33 34 35 36 43 44 49 50 51 59 52 53
26 1 2 3 17 9 25 16 36 21 22 23 24 26 27 30 31 34 35 43 44 49 50 51 59 52 53
26 1 2 3 17 9 25 16 36 21 22 23 24 26 27 30 31 34 35 40 41 46 47 48 58 49 50
26 2 3 4 5 12 13 14 15 19 20 25 26 35 52 41 42 43 44 45 57 48 58 51 59 55 56
26 2 14 3 4 7 24 12 13 15 16 17 18 25 26 35 36 37 38 39 40 44 45 48 58 56 57
26 0 4 1 11 5 6 10 28 21 22 23 43 33 34 35 36 47 48 49 50 51 59 52 53 57 58
26 7 8 9 10 11 12 13 14 15 16 17 18 22 41 23 24 25 26 39 40 48 58 51 59 54 55
26 0 4 1 11 5 6 10 28 21 22 23 43 33 34 35 36 40 41 42 56 47 48 49 50 57 58
26 3 17 9 10 15 16 18 19 20 21 22 41 31 49 32 33 36 37 42 56 45 57 48 58 55 59
26 5 19 6 7 8 9 10 11 12 13 14 15 23 24 25 26 31 32 33 34 35 52 38 53 54 55
26 5 19 8 9 13 14 17 18 20 39 25 26 27 46 30 47 31 32 37 38 43 44 45 57 52 53
26 3 17 9 25 10 28 15 16 18 19 23 24 29 30 35 36 37 38 42 43 47 48 51 52 53 54
26 2 14 3 4 7 24 12 13 15 16 17 18 25 26 31 32 33 34 39 40 44 45 54 55 56 57
26 1 11 2 3 9 10 12 29 16 17 18 19 27 28 34 50 35 36 37 38 42 56 45 46 57 58
26 0 8 1 11 2 14 3 4 7 24 15 16 17 18 33 34 39 40 44 45 46 47 54 55 56 57
26 3 17 9 10 15 33 16 36 18 37 19 20 21 22 31 32 41 42 45 57 48 49 55 56 58 59
26 1 2 3 17 11 12 16 36 18 19 23 24 29 30 31 49 37 38 42 56 43 44 53 54 55 59
26 0 1 4 5 6 21 10 11 26 44 27 28 33 34 35 36 40 54 45 57 46 47 52 53 55 56
26 2 14 6 7 12 13 15 16 23 43 24 25 28 29 32 33 34 50 35 36 37 38 42 56 57 58
26 1 2 3 17 9 10 11 12 16 36 21 22 27 28 29 30 31 49 40 41 42 56 53 54 55 59
26 2 14 3 4 5 19 6 7 15 33 27 28 38 53 42 56 45 57 46 47 48 49 54 55 58 59
26 0 1 2 14 3 17 4 5 8 9 13 32 25 26 27 46 40 41 50 51 52 53 54 55 58 59
26 2 3 4 5 12 13 14 15 19 20 25 26 27 28 29 30 35 52 41 42 43 44 51 59 55 56
26 0 8 3 4 5 19 6 7 9 10 15 33 23 24 25 26 31 32 38 53 48 49 54 55 58 59
26 0 8 1 2 6 7 9 25 13 14 15 16 23 24 30 47 31 32 33 34 42 43 54 55 56 57
26 0 4 1 11 7 8 9 10 12 13 18 37 22 41 23 24 25 26 35 36 48 58 51 52 55 59
26 1 11 18 19 20 21 22 41 23 24 33 34 35 52 36 37 42 43 44 45 46 47 48 49 50 51
26 0 1 2 14 6 7 8 9 13 32 15 16 20 39 21 22 27 46 33 34 45 57 50 51 58 59
26 1 11 2 14 3 17 9 25 10 28 21 22 23 24 40 41 42 43 47 48 49 50 51 52 53 54
26 1 11 2 3 12 29 16 17 18 19 20 39 21 22 23 24 34 50 43 44 45 46 51 59 57 58
26 0 8 1 11 2 14 3 4 5 19 6 7 15 33 23 24 38 53 46 47 48 49 54 55 58 59
26 0 8 1 2 6 7 9 10 11 12 16 36 27 28 29 30 31 49 37 38 42 56 53 54 55 59
26 0 4 1 11 10 28 18 37 22 23 26 27 33 34 35 36 38 39 40 41 46 47 52 53 54 55
26 0 1 2 14 6 7 8 9 13 32 20 39 21 22 27 46 37 38 45 57 50 51 52 53 58 59
26 2 14 3 4 5 19 6 7 12 13 15 33 31 32 38 53 42 56 45 57 48 49 54 55 58 59
26 3 17 9 10 15 16 18 19 27 46 28 29 32 33 36 37 38 53 42 56 45 57 54 55 58 59
26 0 4 3 17 7 8 9 10 18 37 24 25 26 44 31 32 38 39 40 54 45 57 52 53 55 56
26 0 4 3 17 10 28 18 37 22 23 26 27 29 30 31 32 38 39 40 41 46 47 48 58 49 50
26 0 4 3 17 10 28 18 37 22 23 26 27 29 30 31 32 38 39 43 44 49 50 51 59 52 53
26 0 1 2 14 6 7 8 9 13 32 23 43 24 25 30 31 37 38 42 56 47 48 49 50 57 58
26 5 6 7 8 9 10 11 12 16 17 21 22 31 49 34 50 35 36 40 41 42 56 45 57 48 58
26 3 17 9 10 15 33 16 36 21 22 23 24 25 26 31 32 40 41 42 43 44 45 48 49 53 54
26 4 5 6 7 12 13 18 19 20 21 24 25 26 44 27 28 29 30 35 52 36 37 51 59 55 56
26 2 3 4 5 12 29 16 17 25 26 27 28 34 50 35 36 43 44 45 46 51 59 52 53 57 58
26 4 5 6 7 12 13 18 19 20 21 24 25 26 44 35 52 36 37 45 57 48 58 51 59 55 56
26 0 1 4 5 6 7 8 9 13 32 18 19 23 24 25 26 27 46 33 34 50 51 54 55 58 59
26 2 3 4 5 12 13 14 15 19 20 25 26 31 32 33 34 35 52 41 42 43 44 45 57 55 56
26 1 2 3 17 11 12 16 36 21 22 23 24 29 30 31 49 40 41 46 47 48 58 53 54 55 59
26 5 6 10 11 12 13 14 15 16 17 18 19 23 43 26 44 27 28 29 30 42 56 51 59 54 55
26 4 5 6 7 12 13 21 22 23 43 24 25 28 29 32 33 34 50 35 36 40 41 42 56 57 58
26 0 8 1 2 9 25 13 14 20 39 30 47 31 32 37 38 40 41 42 43 48 58 49 50 56 57
26 0 1 4 5 6 21 10 11 12 13 26 44 27 28 29 30 35 36 40 54 51 59 52 53 55 56
26 2 14 6 7 12 13 15 16 20 21 24 25 26 44 31 32 33 34 35 52 36 37 45 57 55 56
26 2 14 3 17 4 5 12 29 13 32 25 26 27 28 40 54 41 42 43 44 45 46 50 51 52 53
26 2 3 4 5 6 7 12 13 14 15 19 20 21 22 31 32 33 34 35 52 41 42 45 57 55 56
26 1 11 2 3 9 10 14 15 19 20 21 22 27 28 33 34 35 52 41 42 45 57 46 47 55 56
26 1 11 2 3 9 10 12 13 14 15 19 20 21 22 31 32 33 34 35 52 41 42 45 57 55 56
26 3 17 9 10 15 16 18 19 20 21 24 25 26 44 31 32 33 34 35 52 36 37 45 57 55 56
26 2 14 3 4 5 19 6 7 15 33 20 21 22 41 27 28 34 35 42 56 49 50 51 52 55 59
26 2 3 4 5 6 7 12 29 16 17 18 19 27 28 34 50 42 56 45 46 51 59 54 55 57 58
26 0 4 1 11 5 6 10 28 12 13 21 22 23 43 29 30 35 36 47 48 51 59 52 53 57 58
26 0 8 3 4 5 19 15 33 20 39 29 30 31 32 38 53 40 41 46 47 48 49 54 55 58 59
26 4 5 6 7 12 13 18 37 19 20 21 22 27 28 29 30 35 36 41 42 45 46 47 48 51 52
26 0 8 1 11 4 5 9 25 10 28 12 13 29 30 35 36 40 41 42 43 47 48 51 52 53 54
26 3 17 9 10 15 16 18 19 23 24 25 26 27 46 28 29 32 33 36 37 38 53 54 55 58 59
26 0 8 6 7 9 10 15 16 20 21 24 25 26 44 31 32 33 34 35 52 36 37 45 57 55 56
26 2 14 6 7 12 13 15 16 20 39 21 22 27 46 28 29 32 33 36 37 38 53 45 57 58 59
26 3 17 9 10 15 16 18 19 20 21 22 41 23 24 25 26 31 49 32 33 36 37 48 58 55 59
26 5 19 6 7 8 9 10 11 12 13 14 15 20 39 21 22 27 28 29 30 35 52 38 53 51 59
26 2 3 4 5 6 7 14 15 19 20 21 22 27 28 33 34 35 52 41 42 45 57 46 47 55 56
26 0 8 1 2 3 17 4 5 9 25 13 14 15 16 30 47 35 36 40 41 42 43 48 58 56 57
26 0 8 1 11 2 3 4 5 12 29 19 20 30 31 34 35 38 39 40 41 46 47 52 53 54 55
26 0 8 1 11 2 14 3 4 5 19 15 33 20 39 38 53 43 44 45 57 46 47 48 49 58 59
26 2 14 6 7 12 29 13 32 15 16 20 39 21 22 27 28 33 34 40 54 41 42 45 46 50 51
26 3 17 9 10 15 16 18 19 23 43 24 25 28 29 32 33 34 50 42 56 51 59 54 55 57 58
26 0 1 2 14 6 21 10 11 20 39 26 44 27 28 37 38 40 54 49 50 51 59 52 53 55 56
26 2 14 3 4 7 24 15 33 22 23 25 26 27 28 34 35 38 39 40 41 42 56 43 44 49 50
26 2 14 3 4 7 24 12 13 17 18 25 26 31 32 37 38 39 40 44 45 48 58 49 50 56 57
26 5 19 8 9 10 11 12 13 14 15 20 39 25 26 35 52 38 53 43 44 45 57 48 58 51 59
26 0 8 1 11 2 14 3 4 7 24 17 18 37 38 39 40 44 45 46 47 48 58 49 50 56 57
26 0 8 3 4 7 24 9 10 15 16 17 18 25 26 35 36 37 38 39 40 44 45 48 58 56 57
26 5 19 6 7 8 9 13 14 15 16 17 18 27 46 30 47 31 32 33 34 42 56 45 57 54 55
26 1 11 9 25 10 28 12 13 18 19 23 24 29 30 35 36 37 38 42 43 47 48 51 52 53 54
26 0 1 2 14 6 7 8 9 13 32 27 46 37 38 42 56 45 57 50 51 52 53 54 55 58 59
26 0 8 6 7 9 10 15 16 20 21 24 25 28 29 30 47 31 32 33 34 39 40 54 55 56 57
26 2 14 6 21 7 24 15 16 20 39 25 26 27 28 33 34 40 54 44 45 46 47 48 49 50 51
26 2 14 3 4 7 24 17 18 25 26 27 28 37 38 39 40 44 45 46 47 48 58 49 50 56 57
26 4 5 6 7 12 29 13 32 21 22 27 28 33 34 35 36 40 54 41 42 45 46 50 51 52 53
26 0 4 1 11 7 8 18 37 22 41 23 24 33 34 35 36 46 47 48 58 49 50 51 52 55 59
26 1 11 2 3 12 29 19 20 21 22 23 24 30 31 34 35 38 39 43 44 45 57 46 47 52 53
26 3 17 9 10 15 16 18 19 20 21 24 25 28 29 30 47 39 40 48 58 51 59 54 55 56 57
26 0 8 1 2 9 25 13 14 15 16 20 39 26 27 32 33 34 50 43 44 45 46 51 59 57 58
26 0 8 6 7 9 10 15 16 23 43 24 25 28 29 32 33 34 50 35 36 37 38 42 56 57 58
26 2 14 3 4 5 19 6 7 15 33 23 24 25 26 27 28 38 53 46 47 48 49 54 55 58 59
26 5 6 7 8 9 10 11 12 16 17 18 19 20 39 21 22 31 49 34 50 45 57 48 58 51 59
26 5 6 10 11 12 13 14 15 16 17 18 19 23 43 26 44 35 36 37 38 42 56 45 57 48 58
26 1 11 9 10 18 19 20 21 24 25 26 44 27 28 33 34 35 52 36 37 45 57 46 47 55 56
26 0 8 1 2 11 12 16 36 20 39 29 30 31 49 37 38 40 41 46 47 48 58 53 54 55 59
26 2 3 4 5 12 13 14 15 19 20 25 26 31 49 32 33 38 39 40 41 48 58 53 54 55 59
26 1 11 9 10 12 13 18 19 23 24 25 26 27 46 28 29 32 33 36 37 38 53 54 55 58 59
26 0 1 2 14 6 21 10 11 15 16 20 39 26 44 27 28 33 34 40 54 49 50 51 59 55 56
26 0 8 1 11 2 3 4 5 14 15 19 20 33 34 35 52 41 42 43 44 49 50 51 59 55 56
26 5 6 7 8 9 10 11 12 16 17 21 22 27 28 29 30 31 49 34 50 35 36 40 41 42 56
26 0 8 3 4 5 19 6 7 9 10 15 33 20 39 21 22 31 32 38 53 45 57 48 49 58 59
26 0 8 3 4 5 19 6 7 9 10 15 33 31 32 38 53 42 56 45 57 48 49 54 55 58 59
26 2 14 6 7 12 13 15 16 20 39 21 22 23 43 24 25 28 29 32 33 34 50 51 59 57 58
26 1 11 9 10 12 13 18 19 20 21 24 25 26 44 27 28 29 30 35 52 36 37 51 59 55 56
26 1 2 3 17 9 25 16 36 21 22 23 24 26 27 30 31 34 35 43 44 45 57 46 47 52 53
26 2 14 6 7 12 13 15 16 23 43 24 25 28 29 32 33 34 50 42 56 51 59 54 55 57 58
26 0 8 1 2 9 25 13 14 20 39 30 47 31 32 37 38 40 41 42 43 52 53 54 55 56 57
26 5 6 10 11 14 15 16 17 21 22 23 43 26 44 27 28 33 34 35 36 45 57 46 47 52 53
26 1 11 2 3 14 15 19 20 21 22 23 24 33 34 35 52 41 42 43 44 45 57 46 47 55 56
26 4 5 6 7 12 13 18 19 23 24 25 26 27 46 28 29 32 33 36 37 38 53 54 55 58 59
26 0 8 6 7 9 10 20 21 24 25 28 29 30 47 31 32 37 38 39 40 52 53 54 55 56 57
26 5 6 10 11 12 13 14 15 16 17 21 22 23 43 26 44 27 28 29 30 35 36 51 59 52 53
26 0 1 4 5 6 21 13 32 18 19 20 39 22 23 26 27 30 31 33 34 40 41 46 47 54 55
26 0 8 1 2 3 17 4 5 11 12 16 36 29 30 31 49 40 41 46 47 48 58 53 54 55 59
26 5 6 10 11 14 15 16 17 18 19 20 39 21 22 23 43 26 44 27 28 33 34 45 57 46 47
26 5 19 6 7 8 9 10 11 14 15 27 28 33 34 35 52 38 53 42 56 49 50 51 59 54 55
26 0 8 1 2 6 7 9 10 11 12 16 36 31 49 37 38 42 56 45 57 48 58 53 54 55 59
26 0 8 3 17 4 5 18 37 19 20 29 30 31 32 41 42 43 44 45 46 47 48 49 50 51 52
26 1 11 9 10 12 29 13 32 18 19 20 39 21 22 27 28 33 34 40 54 41 42 45 46 50 51
26 5 19 6 7 8 9 13 14 17 18 23 24 25 26 27 46 30 47 31 32 37 38 52 53 54 55
26 2 14 6 7 12 13 15 16 20 21 24 25 28 29 30 47 35 36 37 38 39 40 48 58 56 57
26 5 19 6 7 8 9 10 11 12 13 14 15 23 24 25 26 35 52 38 53 48 58 51 59 54 55
26 5 6 7 8 9 10 11 12 16 17 21 22 31 49 34 50 35 36 45 57 48 58 51 59 52 53
26 2 14 3 4 7 24 17 18 25 26 27 28 37 38 39 40 44 45 46 47 52 53 54 55 56 57
26 2 14 12 13 15 33 16 36 20 39 25 26 31 32 37 38 40 41 42 43 44 45 48 49 53 54
26 0 4 1 11 7 8 12 13 18 37 22 41 23 24 29 30 35 36 46 47 48 58 51 52 55 59
26 4 5 6 21 7 24 12 13 18 19 20 39 25 26 31 32 33 34 40 54 44 45 48 49 50 51
26 2 14 6 7 12 13 20 21 24 25 28 29 30 47 31 32 37 38 39 40 52 53 54 55 56 57
26 0 1 2 14 3 17 4 5 6 21 10 11 26 44 27 28 40 54 45 57 46 47 52 53 55 56
26 1 2 3 17 9 25 16 36 18 19 23 24 26 27 30 31 34 35 37 38 46 47 52 53 54 55
26 5 6 10 11 14 15 16 17 21 22 23 43 26 44 27 28 33 34 35 36 40 41 42 56 49 50
26 2 14 6 7 15 16 20 21 24 25 26 44 27 28 33 34 35 52 36 37 49 50 51 59 55 56
26 0 8 1 2 9 25 16 36 20 39 26 27 30 31 34 35 37 38 40 41 46 47 52 53 54 55
26 0 1 2 14 6 21 10 11 12 13 20 39 26 44 31 32 37 38 40 54 45 57 52 53 55 56
26 4 5 6 7 12 13 18 19 27 46 28 29 32 33 36 37 38 53 42 56 45 57 54 55 58 59
26 5 6 7 8 9 10 11 12 16 17 21 22 27 28 29 30 31 49 34 50 35 36 51 59 52 53
26 5 6 7 8 9 10 11 12 16 17 21 22 23 24 25 26 31 49 34 50 35 36 40 41 48 58
26 1 11 2 14 3 17 18 37 19 20 21 22 23 24 41 42 43 44 45 46 47 48 49 50 51 52
26 0 8 6 7 9 10 15 16 20 21 22 41 31 49 32 33 36 37 42 56 45 57 48 58 55 59
26 5 6 7 8 9 10 11 12 16 17 18 19 31 49 34 50 35 36 37 38 42 56 45 57 48 58
26 5 19 6 7 8 9 13 14 17 18 27 46 30 47 31 32 37 38 42 56 45 57 48 58 49 50
26 0 1 4 5 6 21 13 32 18 19 20 39 22 23 26 27 30 31 33 34 43 44 45 57 46 47
26 0 4 3 17 7 8 9 10 18 37 22 41 23 24 25 26 31 32 48 58 49 50 51 52 55 59
26 0 8 1 11 2 14 6 21 7 24 15 16 20 39 33 34 40 54 44 45 46 47 48 49 50 51
26 0 8 1 2 9 25 16 36 20 39 26 27 30 31 34 35 37 38 43 44 49 50 51 59 52 53
26 5 19 6 7 8 9 13 14 15 16 17 18 27 46 30 47 42 56 45 57 48 58 51 59 54 55
26 1 2 3 17 9 10 11 12 16 36 18 19 31 49 37 38 42 56 45 57 48 58 53 54 55 59
26 0 4 1 11 2 14 3 17 10 28 18 37 22 23 26 27 38 39 43 44 49 50 51 59 52 53
26 0 8 6 7 9 10 15 16 20 21 24 25 28 29 30 47 39 40 48 58 51 59 54 55 56 57
26 0 1 4 5 6 21 10 11 18 19 20 39 26 44 27 28 33 34 40 54 49 50 51 59 55 56
26 2 14 15 33 16 36 20 39 25 26 27 28 37 38 40 41 42 43 44 45 46 47 48 49 53 54
26 0 4 1 11 7 8 9 10 12 13 18 37 22 41 27 28 29 30 35 36 42 56 51 52 55 59
26 5 6 10 11 14 15 16 17 21 22 23 43 26 44 27 28 33 34 35 36 49 50 51 59 52 53
26 1 11 2 3 9 10 12 29 16 17 21 22 27 28 34 50 35 36 45 46 51 59 52 53 57 58
26 1 11 2 14 3 17 9 25 10 28 18 19 23 24 37 38 42 43 47 48 49 50 51 52 53 54
26 0 1 2 14 6 21 10 11 12 13 15 16 20 39 26 44 40 54 45 57 48 58 51 59 55 56
26 5 19 6 7 8 9 13 14 15 16 17 18 23 24 25 26 27 46 30 47 48 58 51 59 54 55
26 4 5 6 7 12 13 18 19 20 39 21 22 27 46 28 29 32 33 36 37 38 53 45 57 58 59
26 2 14 3 4 7 24 12 13 17 18 25 26 31 32 37 38 39 40 44 45 52 53 54 55 56 57
26 5 19 6 7 8 9 10 11 12 13 14 15 20 39 21 22 35 52 38 53 45 57 48 58 51 59
26 0 8 1 11 4 5 12 29 13 32 33 34 35 36 40 54 41 42 43 44 45 46 50 51 52 53
26 4 5 6 21 7 24 12 13 18 37 19 20 25 26 35 36 44 45 48 58 51 52 55 59 56 57
26 1 2 3 17 9 25 13 14 18 19 23 24 30 47 31 32 37 38 42 43 52 53 54 55 56 57
26 5 6 10 11 14 15 16 17 18 19 23 43 26 44 27 28 33 34 42 56 45 57 46 47 54 55
26 5 19 6 7 8 9 10 11 14 15 20 39 21 22 27 28 33 34 35 52 38 53 45 57 46 47
26 5 6 10 11 12 13 14 15 16 17 18 19 23 43 26 44 42 56 45 57 48 58 51 59 54 55
26 0 1 4 5 6 21 13 32 18 19 20 39 22 23 26 27 30 31 33 34 43 44 49 50 51 59
26 4 5 6 7 12 13 18 19 20 21 22 41 27 28 29 30 31 49 32 33 36 37 42 56 55 59
26 2 14 3 4 7 24 12 13 15 33 22 23 25 26 31 32 34 35 38 39 40 41 48 58 49 50
26 5 6 10 11 12 13 14 15 16 17 18 19 23 43 26 44 31 32 33 34 42 56 45 57 54 55
26 0 8 1 2 9 25 16 36 20 39 26 27 30 31 34 35 37 38 40 41 46 47 48 58 49 50
26 2 3 4 5 6 7 12 29 19 20 21 22 27 28 30 31 34 35 38 39 49 50 51 59 52 53
26 1 11 2 3 9 10 12 29 16 17 18 19 27 28 34 50 42 56 45 46 51 59 54 55 57 58
26 0 8 6 7 15 16 20 21 22 41 23 24 29 30 31 49 32 33 36 37 42 56 43 44 55 59
26 2 14 3 4 5 19 6 7 12 13 15 33 23 24 25 26 31 32 38 53 48 49 54 55 58 59
26 0 1 4 5 6 21 10 11 18 19 20 39 26 44 27 28 33 34 40 54 45 57 46 47 55 56
26 4 5 6 21 7 24 18 19 20 39 25 26 27 28 33 34 40 54 44 45 46 47 48 49 50 51
26 0 1 2 14 6 21 10 11 15 16 20 39 26 44 27 28 33 34 40 54 45 57 46 47 55 56
26 0 1 2 14 6 21 13 32 20 39 22 23 26 27 30 31 37 38 40 41 46 47 48 58 49 50
26 1 11 2 14 3 17 9 10 12 29 13 32 21 22 27 28 40 54 41 42 45 46 50 51 52 53
26 0 8 1 2 9 10 11 12 16 36 20 39 25 26 31 49 37 38 40 41 48 58 53 54 55 59
26 0 8 1 11 4 5 12 13 18 37 19 20 29 30 35 36 41 42 43 44 45 46 47 48 51 52
26 2 14 6 21 7 24 12 13 20 39 25 26 31 32 37 38 40 54 44 45 48 49 50 51 52 53
26 5 19 8 9 13 14 15 16 17 18 20 39 25 26 27 46 30 47 40 41 48 58 51 59 54 55
26 0 8 1 2 9 25 13 14 15 16 20 39 30 47 31 32 33 34 40 41 42 43 54 55 56 57
26 0 1 2 14 6 21 13 32 20 39 22 23 26 27 30 31 37 38 43 44 49 50 51 59 52 53
26 1 11 9 25 10 28 12 29 13 32 18 19 23 24 33 34 42 43 50 51 54 55 56 57 58 59
26 0 8 3 4 7 24 9 10 15 16 17 18 25 26 39 40 44 45 48 58 51 59 54 55 56 57
26 1 11 18 37 19 20 21 22 23 24 33 34 35 36 41 42 43 44 45 46 47 48 49 50 51 52
26 0 4 3 17 7 8 9 10 15 16 18 37 22 41 23 24 25 26 35 36 48 58 51 52 55 59
26 4 5 6 7 12 13 18 19 20 21 24 25 28 29 30 47 31 32 33 34 39 40 54 55 56 57
26 0 8 3 17 4 5 15 33 16 36 29 30 31 32 40 41 42 43 44 45 46 47 48 49 53 54
26 0 4 1 11 5 6 10 28 12 13 21 22 23 43 29 30 35 36 40 41 42 56 47 48 57 58
26 5 19 8 9 13 14 15 16 17 18 20 39 25 26 27 46 30 47 31 32 33 34 40 41 54 55
26 0 8 3 4 7 24 15 33 22 23 29 30 31 32 34 35 38 39 40 41 46 47 48 58 49 50
26 0 1 4 5 6 21 10 11 12 13 26 44 31 32 33 34 35 36 40 54 45 57 52 53 55 56
26 0 4 3 17 10 28 18 37 22 23 26 27 29 30 31 32 38 39 43 44 45 57 46 47 52 53
26 0 1 2 14 6 21 13 32 20 39 22 23 26 27 30 31 37 38 43 44 45 57 46 47 52 53
26 1 11 9 10 18 37 19 20 21 22 27 28 33 34 35 36 41 42 45 46 47 48 49 50 51 52
26 0 8 1 11 4 5 12 29 13 32 18 19 20 39 33 34 40 54 41 42 43 44 45 46 50 51
26 2 14 6 21 7 24 12 13 15 16 20 39 25 26 31 32 33 34 40 54 44 45 48 49 50 51
26 3 17 9 10 15 16 18 19 20 21 24 25 26 44 27 28 29 30 35 52 36 37 51 59 55 56
26 5 19 6 7 8 9 13 14 15 16 17 18 27 46 30 47 35 36 37 38 42 56 45 57 48 58
26 0 1 2 14 6 21 13 32 15 16 20 39 22 23 26 27 30 31 33 34 40 41 46 47 54 55
26 5 19 6 7 8 9 10 11 12 29 16 36 17 18 27 28 30 31 34 35 37 38 42 56 49 50
26 2 14 6 7 12 29 13 32 15 33 16 36 27 28 37 38 42 56 45 46 53 54 55 59 57 58
26 0 8 1 11 2 14 3 4 7 24 15 33 22 23 34 35 38 39 43 44 45 57 46 47 52 53
26 5 6 10 11 14 15 16 17 18 19 20 39 21 22 23 43 26 44 27 28 33 34 49 50 51 59
26 0 4 1 11 5 6 10 28 18 19 23 43 33 34 42 56 47 48 49 50 51 59 54 55 57 58
26 0 8 1 11 2 14 3 4 7 24 15 33 22 23 34 35 38 39 40 41 46 47 52 53 54 55
26 0 8 6 7 9 25 10 28 23 24 29 30 31 32 37 38 42 43 47 48 49 50 51 52 53 54
26 5 19 6 7 8 9 13 14 15 16 17 18 23 24 25 26 27 46 30 47 31 32 33 34 54 55
26 0 8 1 2 6 7 9 10 11 12 16 36 23 24 25 26 31 49 37 38 48 58 53 54 55 59
26 0 8 1 11 2 14 12 29 13 32 15 16 20 39 33 34 40 54 41 42 43 44 45 46 50 51
26 0 1 2 14 6 21 13 32 15 16 20 39 22 23 26 27 30 31 33 34 43 44 49 50 51 59
26 2 3 4 5 6 7 12 29 16 17 21 22 27 28 34 50 35 36 40 41 42 56 45 46 57 58
26 0 4 1 11 2 14 3 17 10 28 18 37 22 23 26 27 38 39 40 41 46 47 48 58 49 50
26 0 8 6 7 15 16 20 21 22 41 23 24 29 30 31 49 32 33 36 37 46 47 48 58 55 59
26 0 8 1 2 3 17 4 5 11 12 16 36 29 30 31 49 40 41 42 56 43 44 53 54 55 59
26 1 11 2 3 9 10 12 29 19 20 21 22 27 28 30 31 34 35 38 39 40 41 42 56 49 50
26 0 8 1 11 2 14 3 4 5 19 15 33 20 39 38 53 40 41 46 47 48 49 54 55 58 59
26 0 4 1 11 2 14 3 17 5 6 10 28 21 22 23 43 47 48 49 50 51 59 52 53 57 58
26 0 8 6 7 15 33 16 36 23 24 29 30 31 32 37 38 42 43 44 45 46 47 48 49 53 54
26 0 4 3 17 7 8 9 10 15 16 18 37 22 41 35 36 42 56 45 57 48 58 51 52 55 59
26 5 19 6 7 8 9 13 14 15 16 17 18 20 39 21 22 27 46 30 47 45 57 48 58 51 59
26 0 8 6 7 9 10 15 16 27 46 28 29 32 33 36 37 38 53 42 56 45 57 54 55 58 59
26 3 17 9 10 15 16 18 19 20 21 24 25 28 29 30 47 35 36 37 38 39 40 48 58 56 57
26 5 19 6 7 8 9 10 11 14 15 20 39 21 22 27 28 33 34 35 52 38 53 49 50 51 59
26 5 19 6 7 8 9 10 11 14 15 27 28 33 34 35 52 38 53 42 56 45 57 46 47 54 55
26 0 4 3 17 10 28 18 37 22 23 26 27 29 30 31 32 38 39 40 41 46 47 52 53 54 55
26 4 5 6 7 12 13 18 19 23 43 24 25 28 29 32 33 34 50 35 36 37 38 42 56 57 58
26 0 4 1 11 7 8 9 10 18 37 22 41 27 28 33 34 35 36 42 56 49 50 51 52 55 59
26 3 17 9 10 15 16 18 19 20 21 24 25 28 29 30 47 31 32 33 34 39 40 54 55 56 57
26 1 11 2 3 9 10 12 29 16 17 18 19 20 39 21 22 27 28 34 50 45 46 51 59 57 58
26 1 11 2 14 3 17 15 33 16 36 18 19 23 24 37 38 42 43 44 45 46 47 48 49 53 54
26 0 8 1 11 2 14 3 17 4 5 15 33 16 36 40 41 42 43 44 45 46 47 48 49 53 54
26 1 2 3 17 9 25 16 36 18 19 23 24 26 27 30 31 34 35 37 38 46 47 48 58 49 50
26 2 14 3 4 7 24 15 33 22 23 25 26 27 28 34 35 38 39 43 44 49 50 51 59 52 53
26 5 6 10 11 12 13 14 15 16 17 18 19 20 39 21 22 23 43 26 44 31 32 33 34 45 57
26 5 6 10 11 12 13 14 15 16 17 18 19 20 39 21 22 23 43 26 44 45 57 48 58 51 59
26 0 8 1 2 9 25 16 36 20 39 26 27 30 31 34 35 37 38 40 41 42 56 43 44 49 50
26 0 8 1 2 3 17 4 5 9 25 16 36 26 27 30 31 34 35 40 41 46 47 52 53 54 55
26 0 8 1 11 2 3 4 5 12 29 19 20 30 31 34 35 38 39 43 44 45 57 46 47 52 53
26 0 8 1 11 2 14 3 17 4 5 9 25 10 28 40 41 42 43 47 48 49 50 51 52 53 54
26 0 8 6 7 9 10 15 16 20 39 21 22 27 46 28 29 32 33 36 37 38 53 45 57 58 59
26 1 11 9 10 12 13 18 37 19 20 21 22 27 28 29 30 35 36 41 42 45 46 47 48 51 52
26 1 11 12 13 18 19 20 21 22 41 23 24 29 30 31 49 32 33 36 37 46 47 48 58 55 59
26 0 8 1 2 6 7 9 25 16 36 23 24 26 27 30 31 34 35 37 38 46 47 48 58 49 50
26 1 11 9 25 10 28 21 22 23 24 33 34 35 36 40 41 42 43 47 48 49 50 51 52 53 54
26 2 14 12 29 13 32 20 39 25 26 27 28 37 38 40 54 41 42 43 44 45 46 50 51 52 53
26 2 3 4 5 6 7 12 29 19 20 21 22 27 28 30 31 34 35 38 39 45 57 46 47 52 53
26 0 8 1 11 2 3 4 5 12 29 16 17 18 19 20 39 34 50 43 44 45 46 51 59 57 58
26 1 2 3 17 9 25 13 14 15 16 18 19 23 24 30 47 35 36 37 38 42 43 48 58 56 57
26 1 2 3 17 9 10 11 12 16 36 21 22 23 24 25 26 31 49 40 41 48 58 53 54 55 59
26 1 2 3 17 9 25 13 14 15 16 18 19 23 24 30 47 42 43 48 58 51 59 54 55 56 57
26 0 8 1 2 3 17 4 5 9 25 16 36 26 27 30 31 34 35 43 44 45 57 46 47 52 53
26 0 8 6 7 9 25 10 28 15 16 23 24 29 30 35 36 37 38 42 43 47 48 51 52 53 54
26 1 11 12 13 18 37 19 20 21 22 23 24 29 30 35 36 41 42 43 44 45 46 47 48 51 52
26 0 8 3 4 7 24 17 18 29 30 31 32 37 38 39 40 44 45 46 47 52 53 54 55 56 57
26 1 11 9 10 12 13 18 19 20 21 22 41 23 24 25 26 31 49 32 33 36 37 48 58 55 59
26 0 8 1 11 2 14 6 7 9 25 10 28 23 24 37 38 42 43 47 48 49 50 51 52 53 54
26 0 4 1 11 7 8 9 10 12 13 18 37 22 41 35 36 42 56 45 57 48 58 51 52 55 59
26 1 11 2 14 3 17 15 33 16 36 21 22 23 24 40 41 42 43 44 45 46 47 48 49 53 54
26 1 2 3 17 9 25 13 14 15 16 18 19 23 24 30 47 31 32 33 34 42 43 54 55 56 57
26 0 8 6 7 9 10 15 16 23 24 25 26 27 46 28 29 32 33 36 37 38 53 54 55 58 59
26 1 2 3 17 9 10 11 12 16 36 18 19 23 24 25 26 31 49 37 38 48 58 53 54 55 59
26 2 14 12 29 13 32 15 16 20 39 25 26 27 28 33 34 40 54 41 42 43 44 45 46 50 51
26 0 8 1 2 3 17 4 5 9 25 16 36 26 27 30 31 34 35 40 41 42 56 43 44 49 50
26 2 14 6 7 12 13 15 16 20 21 24 25 26 44 27 28 29 30 35 52 36 37 51 59 55 56
26 2 14 6 7 12 13 15 16 20 21 24 25 26 44 35 52 36 37 45 57 48 58 51 59 55 56
26 0 8 6 7 9 10 15 16 23 43 24 25 28 29 32 33 34 50 42 56 51 59 54 55 57 58
26 0 4 1 11 5 6 10 28 18 19 20 21 26 27 33 34 39 40 44 45 46 47 54 55 56 57
26 1 11 12 29 13 32 21 22 23 24 33 34 35 36 40 54 41 42 43 44 45 46 50 51 52 53
26 2 14 3 4 7 24 15 33 22 23 25 26 27 28 34 35 38 39 40 41 46 47 48 58 49 50
26 1 11 9 10 12 29 13 32 21 22 27 28 33 34 35 36 40 54 41 42 45 46 50 51 52 53
26 0 4 1 11 5 6 10 28 18 19 20 39 21 22 23 43 33 34 47 48 49 50 51 59 57 58
26 2 3 4 5 6 7 12 13 14 15 19 20 21 22 27 28 29 30 35 52 41 42 51 59 55 56
26 1 11 9 10 12 13 18 19 27 46 28 29 32 33 36 37 38 53 42 56 45 57 54 55 58 59
26 1 11 9 10 12 13 18 19 20 21 24 25 28 29 30 47 35 36 37 38 39 40 48 58 56 57
26 2 14 3 4 5 19 6 7 12 13 15 33 20 39 21 22 31 32 38 53 45 57 48 49 58 59
26 1 11 12 13 18 19 20 21 22 41 23 24 29 30 31 49 32 33 36 37 42 56 43 44 55 59
26 2 3 4 5 6 7 12 29 16 17 18 19 20 39 21 22 27 28 34 50 45 46 51 59 57 58
26 0 8 6 7 9 10 15 16 20 21 22 41 23 24 25 26 31 49 32 33 36 37 48 58 55 59
26 0 8 6 7 9 10 15 16 20 39 21 22 23 43 24 25 28 29 32 33 34 50 51 59 57 58
26 1 11 9 10 18 19 20 21 24 25 26 44 27 28 33 34 35 52 36 37 49 50 51 59 55 56
26 1 11 9 10 12 13 18 19 20 39 21 22 27 46 28 29 32 33 36 37 38 53 45 57 58 59
26 1 11 9 10 12 13 18 19 20 21 22 41 31 49 32 33 36 37 42 56 45 57 48 58 55 59
26 0 4 1 11 2 14 3 17 10 28 18 37 22 23 26 27 38 39 40 41 46 47 52 53 54 55
26 2 14 12 13 15 16 20 39 25 26 27 46 28 29 32 33 36 37 38 53 43 44 45 57 58 59
26 1 11 9 10 12 13 18 19 20 21 24 25 28 29 30 47 39 40 48 58 51 59 54 55 56 57
26 2 3 4 5 6 7 12 29 19 20 21 22 27 28 30 31 34 35 38 39 40 41 42 56 49 50
26 2 14 6 7 12 13 15 16 27 46 28 29 32 33 36 37 38 53 42 56 45 57 54 55 58 59
26 2 14 6 7 12 13 15 16 20 21 24 25 28 29 30 47 39 40 48 58 51 59 54 55 56 57
26 0 8 3 4 7 24 15 33 22 23 29 30 31 32 34 35 38 39 40 41 46 47 52 53 54 55
26 2 3 4 5 6 7 14 15 19 20 21 22 27 28 33 34 35 52 41 42 49 50 51 59 55 56
26 1 11 9 10 12 13 18 19 20 21 22 41 27 28 29 30 31 49 32 33 36 37 42 56 55 59
26 1 11 9 10 12 13 18 19 20 21 24 25 26 44 35 52 36 37 45 57 48 58 51 59 55 56
26 2 14 6 7 15 16 20 21 24 25 26 44 27 28 33 34 35 52 36 37 45 57 46 47 55 56
26 2 14 3 4 7 24 15 33 22 23 25 26 27 28 34 35 38 39 43 44 45 57 46 47 52 53
26 1 11 9 25 10 28 12 13 21 22 23 24 29 30 35 36 40 41 42 43 47 48 51 52 53 54
26 2 14 3 4 7 24 12 13 15 33 22 23 25 26 31 32 34 35 38 39 43 44 45 57 52 53
26 1 11 9 10 12 13 21 22 23 43 24 25 28 29 32 33 34 50 35 36 51 59 52 53 57 58
26 1 11 9 10 12 13 21 22 23 43 24 25 28 29 32 33 34 50 35 36 40 41 42 56 57 58
26 2 14 3 4 7 24 12 13 15 33 22 23 25 26 31 32 34 35 38 39 40 41 52 53 54 55
26 1 11 9 10 12 13 18 19 23 43 24 25 28 29 32 33 34 50 35 36 37 38 42 56 57 58
26 1 11 9 10 12 13 18 19 20 21 24 25 26 44 31 32 33 34 35 52 36 37 45 57 55 56
26 2 14 6 7 12 13 15 16 23 24 25 26 27 46 28 29 32 33 36 37 38 53 54 55 58 59
26 2 14 6 7 15 33 16 36 23 24 25 26 27 28 37 38 42 43 44 45 46 47 48 49 53 54
26 0 8 3 4 7 24 9 10 15 16 17 18 25 26 31 32 33 34 39 40 44 45 54 55 56 57
26 2 14 3 4 7 24 15 33 22 23 25 26 27 28 34 35 38 39 40 41 46 47 52 53 54 55
26 1 11 9 10 12 13 18 19 20 21 24 25 28 29 30 47 31 32 33 34 39 40 54 55 56 57
