4 1 3 9 13
4 3 9 13 30
4 1 3 13 30
4 1 3 9 15
4 1 9 13 15
4 9 13 28 30
4 1 3 15 30
4 3 9 28 30
4 1 13 15 30
4 3 9 13 15
4 1 9 15 30
4 1 3 13 15
4 7 9 15 30
4 3 13 15 26
4 1 13 16 30
4 3 15 22 30
4 1 9 15 26
4 1 9 16 30
4 2 4 7 11
4 4 7 9 11
4 3 13 20 29
4 1 15 18 30
4 3 13 20 30
4 1 3 13 16
4 5 7 9 11
4 9 11 13 15
4 18 20 26 29
4 22 24 26 28
4 3 22 27 30
4 1 15 28 30
4 5 22 24 28
4 4 22 24 28
4 7 20 27 29
4 7 22 26 28
4 13 16 27 30
4 1 3 9 28
4 7 11 26 28
4 2 5 20 27
4 5 16 24 27
4 13 15 27 29
4 2 4 7 27
4 2 5 18 20
4 9 22 28 30
4 1 3 15 26
4 5 13 27 29
4 1 9 16 27
4 2 18 20 22
4 18 22 28 30
4 4 15 28 30
4 2 11 24 29
4 7 9 11 29
4 7 22 27 30
4 1 3 20 22
4 7 13 27 30
4 9 16 28 30
4 1 9 28 30
4 1 3 18 28
4 4 11 15 28
4 11 13 15 28
4 2 4 24 26
4 2 7 27 30
4 3 13 15 20
4 18 24 26 28
4 1 18 22 28
4 11 13 18 28
4 3 9 22 28
4 1 18 26 29
4 3 9 22 24
4 5 16 22 30
4 2 4 11 15
4 1 4 9 24
4 3 5 7 27
4 3 22 28 30
4 4 22 26 28
4 4 15 27 29
4 1 16 28 30
4 1 18 26 28
4 11 16 24 28
4 2 7 28 30
4 2 5 11 13
4 5 7 22 30
4 2 4 18 20
4 2 16 18 30
4 1 11 18 28
4 16 18 28 30
4 3 20 27 30
4 4 18 24 26
4 2 4 7 26
4 2 5 18 28
4 2 7 11 13
4 7 9 11 13
4 9 24 26 28
4 3 9 26 29
4 13 16 18 29
4 9 11 26 28
4 13 15 28 30
4 13 15 26 28
4 7 9 26 28
4 4 20 24 29
4 3 5 7 20
4 4 11 16 30
4 3 5 16 20
4 2 5 16 20
4 4 7 24 26
4 7 9 26 28
4 4 20 22 24
4 5 16 22 24
4 16 20 27 30
4 9 11 13 28
4 9 11 13 27
4 4 9 22 28
4 9 11 28 30
4 7 13 15 26
4 3 9 13 27
4 2 11 13 15
4 4 9 11 15
4 2 5 11 13
4 1 9 16 24
4 1 4 16 24
4 3 5 22 28
4 5 13 16 30
4 13 18 26 29
4 16 18 20 29
4 3 5 7 9
4 1 13 15 29
4 16 18 20 24
4 3 15 22 26
4 4 15 27 30
4 13 15 27 30
4 7 13 27 29
4 7 15 27 30
4 11 13 16 30
4 3 13 16 30
4 5 7 22 24
4 16 22 28 30
4 3 13 18 28
4 2 4 7 15
4 3 5 22 24
4 16 18 22 28
4 2 5 13 30
4 2 5 7 27
4 1 18 20 22
4 7 20 22 27
4 7 20 26 29
4 4 9 11 24
4 2 7 11 26
4 1 4 24 26
4 2 11 18 26
4 11 13 28 30
4 2 4 22 30
4 7 15 27 30
4 3 5 22 30
4 7 9 13 15
4 15 20 22 30
4 4 22 28 30
4 3 20 26 29
4 2 7 26 28
4 5 7 24 27
4 3 5 20 24
4 3 7 15 20
4 3 7 20 27
4 2 7 20 27
4 3 20 27 29
4 2 13 15 18
4 2 4 18 24
4 3 5 18 28
4 9 11 13 29
4 3 9 22 28
4 4 9 11 28
4 3 9 22 30
4 1 9 27 30
4 3 5 7 9
4 3 22 24 26
4 4 11 28 30
4 4 11 26 29
4 9 11 27 30
4 13 18 28 30
4 9 15 28 30
4 5 9 16 28
4 13 15 20 29
4 20 22 27 30
4 7 9 27 30
4 11 16 28 30
4 2 7 11 15
4 5 13 16 27
4 9 15 26 28
4 11 13 28 30
4 4 15 26 29
4 9 13 27 30
4 2 4 7 22
4 4 7 15 27
4 1 9 16 27
4 3 5 13 20
4 1 3 9 22
4 5 9 11 16
4 4 7 15 26
4 2 4 11 29
4 5 16 18 24
4 4 15 18 26
4 9 15 27 30
4 2 7 26 29
4 1 16 18 28
4 3 16 22 24
4 3 5 9 24
4 3 16 22 30
4 2 4 11 18
4 1 3 9 27
4 5 7 13 27
4 16 24 27 29
4 13 15 18 26
4 2 7 27 29
4 9 13 27 29
4 1 3 9 16
4 7 15 26 28
4 7 22 24 26
4 4 16 18 24
4 3 7 20 26
4 1 9 11 28
4 7 11 27 29
4 1 9 15 28
4 9 22 24 28
4 18 24 26 29
4 2 7 11 28
4 3 13 28 30
4 5 24 26 29
4 9 11 27 29
4 11 13 15 30
4 9 24 27 29
4 4 22 24 26
4 1 15 18 26
4 7 9 15 26
4 2 4 20 29
4 22 24 26 28
4 15 20 26 29
4 7 9 22 28
4 2 7 15 20
4 5 13 16 29
4 3 13 15 30
4 13 20 27 30
4 2 5 24 29
4 2 7 20 26
4 5 7 11 13
4 9 16 27 30
4 9 22 27 30
4 20 22 27 30
4 3 9 24 29
4 5 16 27 29
4 13 15 26 29
4 15 20 22 26
4 2 20 22 24
4 11 16 27 29
4 1 3 13 15
4 2 13 15 20
4 3 9 22 27
4 3 5 20 22
4 4 22 27 30
4 7 13 15 30
4 2 15 18 26
4 1 9 27 29
4 2 7 11 29
4 9 22 24 27
4 13 18 20 30
4 3 7 13 15
4 1 3 13 29
4 1 3 13 18
4 3 5 7 22
4 2 7 11 27
4 16 18 24 28
4 2 4 11 28
4 2 11 13 18
4 2 4 20 27
4 3 7 9 22
4 1 11 13 18
4 13 18 20 29
4 4 11 26 28
4 7 15 20 27
4 3 5 7 26
4 3 5 7 13
4 5 7 24 26
4 7 13 15 29
4 18 20 26 29
4 18 22 24 28
4 2 4 15 26
4 2 4 7 15
4 4 7 24 27
4 15 22 28 30
4 2 4 7 24
4 7 24 26 29
4 13 15 26 29
4 18 20 22 30
4 3 5 9 13
4 2 7 15 30
4 16 18 20 22
4 2 7 24 26
4 1 3 18 26
4 18 20 24 29
4 1 3 24 26
4 5 7 9 28
4 18 20 22 24
4 9 16 24 28
4 1 3 16 30
4 3 9 16 27
4 3 9 13 28
4 4 11 27 30
4 4 15 20 22
4 5 9 16 27
4 16 22 27 30
4 3 7 15 22
4 2 5 13 18
4 3 9 26 28
4 20 24 27 29
4 1 4 11 16
4 1 15 22 30
4 1 9 22 28
4 9 16 24 27
4 7 11 26 29
4 5 11 13 29
4 4 16 22 24
4 5 13 28 30
4 1 3 18 22
4 1 9 26 28
4 5 16 28 30
4 3 13 18 20
4 3 7 9 26
4 2 4 15 20
4 5 7 26 29
4 7 9 28 30
4 5 7 9 13
4 3 18 22 28
4 16 20 24 27
4 4 16 22 30
4 1 3 15 22
4 1 15 27 29
4 4 7 11 15
4 2 4 16 24
4 5 20 24 29
4 5 9 11 13
4 1 15 18 20
4 2 4 22 24
4 1 3 16 20
4 13 20 27 29
4 4 15 22 30
4 5 7 13 26
4 3 22 26 28
4 11 13 26 29
4 3 5 13 30
4 4 15 26 28
4 1 15 26 28
4 1 15 27 30
4 2 7 20 22
4 2 20 22 30
4 4 11 15 26
4 20 22 24 27
4 4 11 15 30
4 1 3 18 20
4 16 20 27 29
4 7 13 26 29
4 1 3 16 22
4 2 20 24 29
4 1 16 18 30
4 9 11 24 29
4 1 3 18 20
4 1 9 16 28
4 4 11 15 29
4 2 5 16 30
4 1 15 18 28
4 2 11 16 18
4 7 13 15 27
4 2 7 22 28
4 3 16 20 27
4 5 16 24 29
4 4 20 22 27
4 1 4 9 11
4 5 18 24 26
4 1 11 13 15
4 1 9 24 26
4 9 11 16 27
4 5 16 18 28
4 4 11 27 29
4 5 13 18 26
4 2 16 18 20
4 1 3 16 18
4 3 13 20 29
4 3 13 27 30
4 3 13 26 28
4 5 13 16 30
4 15 18 20 30
4 1 3 15 20
4 2 4 22 28
4 2 7 15 26
4 2 4 20 22
4 4 16 24 27
4 2 7 20 29
4 1 9 15 27
4 16 22 24 28
4 2 4 15 30
4 5 7 13 30
4 4 15 22 28
4 2 5 20 29
4 2 7 13 15
4 2 18 20 29
4 1 11 18 29
4 1 18 20 29
4 1 3 20 29
4 2 11 18 28
4 2 16 18 24
4 4 15 22 26
4 3 7 9 27
4 2 4 18 22
4 4 7 15 22
4 1 3 16 27
4 3 5 20 29
4 2 5 18 26
4 1 3 20 27
4 18 22 26 28
4 2 11 18 29
4 7 15 22 30
4 7 9 27 29
4 7 9 11 26
4 2 5 18 24
4 1 3 16 24
4 5 11 13 28
4 2 11 28 30
4 2 13 20 30
4 7 20 22 26
4 9 11 13 30
4 3 20 22 30
4 16 18 24 29
4 1 4 16 22
4 5 13 16 18
4 3 5 24 29
4 2 5 11 24
4 2 11 13 30
4 2 4 15 18
4 4 9 11 27
4 1 9 26 29
4 1 3 22 24
4 5 7 24 26
4 3 5 16 30
4 2 11 16 27
4 18 20 24 26
4 16 20 22 30
4 1 4 11 29
4 5 7 9 27
4 2 7 20 27
4 1 4 16 27
4 5 11 24 28
4 7 9 11 28
4 15 18 28 30
4 3 18 20 26
4 3 16 18 20
4 2 5 24 26
4 1 4 22 28
4 1 15 26 29
4 2 5 16 24
4 5 7 13 29
4 11 15 26 29
4 1 9 11 29
4 2 4 16 27
4 3 5 13 29
4 15 22 26 28
4 4 24 27 29
4 7 9 15 27
4 11 24 26 29
4 11 16 18 28
4 5 16 18 20
4 3 7 9 13
4 1 4 18 24
4 13 16 27 29
4 2 5 22 30
4 16 20 22 27
4 15 18 20 26
4 2 11 13 29
4 2 5 7 20
4 4 9 22 27
4 2 4 20 24
4 2 5 13 29
4 11 13 15 29
4 1 16 27 29
4 11 15 28 30
4 2 5 11 28
4 5 7 27 29
4 5 13 20 29
4 2 4 16 18
4 15 18 26 28
4 15 20 27 30
4 1 9 11 13
4 3 5 18 20
4 16 18 20 30
4 13 16 18 30
4 4 24 26 29
4 3 13 20 27
4 5 9 11 24
4 5 7 26 28
4 16 18 22 24
4 1 16 18 20
4 11 13 26 28
4 3 5 22 24
4 4 11 24 28
4 2 5 7 11
4 4 18 22 28
4 11 15 26 28
4 1 15 18 26
4 1 11 13 16
4 5 20 22 24
4 16 22 24 27
4 2 4 18 26
4 2 13 20 29
4 18 20 22 26
4 4 7 9 15
4 2 4 20 22
4 1 13 16 29
4 11 16 24 29
4 11 18 26 29
4 16 20 22 24
4 4 24 26 28
4 2 4 18 28
4 2 20 27 30
4 16 20 24 29
4 5 7 27 30
4 2 18 26 28
4 1 16 18 24
4 3 5 9 28
4 2 16 20 27
4 4 11 24 29
4 2 4 11 24
4 5 11 24 29
4 5 13 27 30
4 1 13 15 18
4 5 7 20 27
4 4 7 9 22
4 2 5 13 20
4 7 22 24 27
4 5 7 24 29
4 5 13 26 28
4 1 4 16 24
4 3 20 22 24
4 1 4 9 11
4 3 20 22 27
4 2 4 24 29
4 3 7 9 15
4 4 15 22 30
4 7 24 27 29
4 3 9 27 30
4 4 15 20 29
4 3 13 26 29
4 5 13 26 29
4 1 4 11 18
4 4 7 9 24
4 2 5 20 24
4 1 3 22 28
4 16 18 22 30
4 5 24 27 29
4 16 18 28 30
4 2 5 16 18
4 9 11 26 29
4 11 24 26 28
4 4 11 16 24
4 9 11 27 29
4 3 5 13 16
4 16 24 27 29
4 5 16 20 27
4 5 7 9 24
4 5 24 26 28
4 2 15 18 30
4 11 13 27 30
4 3 5 9 27
4 7 9 15 28
4 1 18 28 30
4 7 9 11 27
4 11 13 15 26
4 3 5 9 16
4 3 18 20 22
4 18 22 24 26
4 3 5 16 18
4 1 3 22 30
4 11 18 26 28
4 11 16 18 29
4 3 13 27 29
4 2 4 16 30
4 4 11 18 28
4 1 3 24 29
4 1 18 24 26
4 1 9 11 16
4 7 9 11 15
4 1 16 27 30
4 2 11 26 28
4 20 24 26 29
4 20 22 24 26
4 5 7 28 30
4 7 15 27 29
4 7 9 26 29
4 7 11 13 15
4 3 5 18 26
4 1 4 18 22
4 1 4 9 27
4 5 16 27 30
4 1 4 11 15
4 2 5 7 13
4 2 18 26 29
4 7 9 24 26
4 1 16 22 30
4 1 15 20 27
4 1 16 22 24
4 7 15 26 29
4 3 5 16 22
4 1 4 9 22
4 3 9 13 29
4 1 4 20 27
4 5 11 13 16
4 4 18 20 22
4 1 9 11 15
4 1 16 24 29
4 3 5 16 27
4 1 16 20 27
4 2 5 7 24
4 7 15 28 30
4 2 5 22 28
4 2 5 20 22
4 3 5 16 24
4 4 11 24 29
4 1 4 9 15
4 2 11 27 30
4 1 4 15 18
4 4 11 24 26
4 2 18 22 28
4 1 4 16 18
4 1 4 22 30
4 2 18 20 26
4 1 4 9 28
4 2 18 24 26
4 3 5 20 27
4 3 5 24 26
4 1 4 11 28
4 1 4 18 26
4 1 4 18 20
4 11 13 27 29
4 2 5 7 26
4 1 4 22 24
4 2 18 28 30
4 2 5 16 18
4 2 5 22 24
4 3 9 27 29
4 2 11 18 28
4 1 4 18 28
4 1 4 20 22
4 2 5 11 29
4 2 11 26 29
4 1 4 15 22
4 2 20 26 29
4 1 4 15 26
4 1 4 15 30
4 2 20 27 29
4 1 4 16 30
4 1 4 20 29
4 2 5 16 27
4 2 5 11 16
4 3 20 24 29
4 2 11 27 29
4 1 4 24 29
