4 14 21 25 31
4 10 12 19 23
4 0 6 8 12
4 6 8 10 14
4 21 23 25 31
4 21 23 25 31
4 0 10 17 19
4 0 6 12 14
4 21 23 25 31
4 8 17 19 25
4 17 23 25 31
4 0 6 12 14
4 8 10 17 19
4 17 19 25 31
4 6 8 10 14
4 0 12 14 21
4 8 10 19 21
4 17 19 21 31
4 0 6 12 23
4 0 6 8 10
4 8 17 19 21
4 6 12 14 23
4 0 10 12 21
4 14 17 23 31
4 0 8 17 25
4 6 14 17 25
4 10 12 23 31
4 8 10 17 21
4 8 10 17 21
4 8 17 19 21
4 10 12 19 21
4 0 12 14 21
4 6 23 25 31
4 6 23 25 31
4 0 6 8 12
4 0 12 14 23
4 6 8 17 19
4 19 21 23 31
4 19 21 25 31
4 0 10 17 19
4 8 14 17 25
4 0 6 10 17
4 12 14 23 31
4 14 23 25 31
4 0 8 19 21
4 6 10 12 14
4 21 23 25 31
4 0 6 12 14
4 10 14 21 23
4 0 6 17 25
4 8 10 17 19
4 12 21 23 31
4 0 8 17 19
4 6 12 14 25
4 12 19 21 31
4 0 6 8 25
4 6 10 17 19
4 10 12 14 21
4 14 23 25 31
4 0 6 17 25
4 8 17 19 31
4 12 23 25 31
4 8 10 12 19
4 0 10 14 23
4 0 6 17 19
4 17 21 23 25
4 14 17 25 31
4 0 8 10 12
4 6 8 17 31
4 19 21 23 31
4 0 6 14 25
4 6 8 10 12
4 10 19 23 31
4 0 8 12 14
4 19 21 23 25
4 0 6 10 14
4 19 21 23 31
4 10 12 19 23
4 0 6 8 14
4 8 10 21 31
4 12 14 23 25
4 0 6 8 25
4 12 14 23 31
4 10 17 19 21
4 17 19 21 25
4 0 8 10 17
4 8 17 25 31
4 6 12 14 23
4 6 19 25 31
4 10 12 19 21
4 0 6 8 10
4 0 6 12 14
4 14 21 23 25
4 14 17 25 31
4 14 21 23 31
4 10 12 19 31
4 0 6 8 25
4 0 8 10 12
4 8 17 19 31
4 21 23 25 31
4 6 17 25 31
4 12 14 21 23
4 0 10 12 19
4 0 6 12 23
4 6 8 17 25
4 10 12 19 21
4 0 8 19 21
4 10 12 14 21
4 17 19 25 31
4 14 17 23 31
4 10 14 21 23
4 0 6 8 10
4 0 6 14 23
4 17 19 25 31
4 6 17 23 31
4 0 8 10 12
4 8 10 12 14
4 8 10 17 21
4 6 14 23 25
4 0 8 10 12
4 19 21 25 31
4 6 8 17 19
4 17 21 23 31
4 6 14 23 25
4 0 10 12 19
4 6 17 23 31
4 12 14 23 25
4 8 12 19 21
4 0 10 12 14
4 10 12 19 21
4 0 6 17 19
4 6 8 17 25
4 0 14 21 23
4 0 10 12 14
4 0 6 10 12
4 6 8 17 25
4 19 21 23 31
4 0 8 10 19
4 14 23 25 31
4 17 21 25 31
4 19 21 25 31
4 6 8 19 25
4 0 6 12 25
4 14 17 23 31
4 0 8 14 17
4 12 14 21 31
4 19 21 23 31
4 0 6 8 10
4 10 14 21 23
4 17 21 23 25
4 0 8 10 19
4 6 14 25 31
4 0 8 10 12
4 10 17 19 21
4 12 21 23 31
4 0 6 8 14
4 0 6 17 25
4 8 12 19 21
4 10 19 21 31
4 14 23 25 31
4 0 6 23 25
4 21 23 25 31
4 0 8 10 14
4 6 17 25 31
4 6 8 10 17
4 6 17 19 25
4 6 8 12 14
4 10 12 19 21
4 8 17 19 31
4 12 14 23 25
4 0 12 14 23
4 0 10 17 19
4 10 12 21 23
4 8 17 25 31
4 0 12 21 23
4 6 12 14 23
4 8 14 17 25
4 14 23 25 31
4 6 10 17 19
4 10 12 19 21
4 0 6 8 10
4 0 14 17 25
4 12 23 25 31
4 6 12 23 25
4 0 6 14 23
4 17 21 25 31
4 14 23 25 31
4 8 12 19 21
4 0 10 14 21
4 0 6 8 10
4 17 21 23 25
4 0 6 8 14
4 6 8 10 19
4 0 6 8 10
4 6 8 10 14
4 0 8 10 19
4 17 19 25 31
4 17 23 25 31
4 6 12 14 25
4 0 6 23 25
4 0 6 14 25
4 10 17 19 31
4 12 14 23 25
4 0 6 8 10
4 0 6 8 17
4 19 21 23 31
4 8 17 19 31
4 0 6 14 25
4 12 14 21 23
4 10 21 23 31
4 14 23 25 31
4 8 10 19 21
4 14 17 25 31
4 12 21 23 31
4 10 21 23 31
4 0 8 10 12
4 17 21 23 31
4 0 6 8 10
4 19 23 25 31
4 0 14 21 23
4 10 19 21 31
4 8 17 19 31
4 17 21 25 31
4 6 8 17 19
4 6 14 17 25
4 0 6 12 14
4 14 17 23 25
4 0 10 12 21
4 0 8 10 19
4 10 12 14 23
4 17 19 21 31
4 0 10 19 21
4 6 8 17 19
4 0 6 8 14
4 6 17 19 31
4 8 10 19 31
4 8 19 21 31
4 8 12 19 21
4 19 23 25 31
4 8 10 21 31
4 17 19 21 31
4 6 14 23 25
4 0 14 23 25
4 17 19 25 31
4 21 23 25 31
4 0 6 8 10
4 19 21 23 25
4 10 19 21 23
4 8 17 19 31
4 8 19 25 31
4 8 10 17 19
4 12 14 23 25
4 12 14 23 31
4 12 21 23 25
4 0 12 19 21
4 0 6 8 17
4 0 6 8 17
4 8 14 17 25
4 17 19 23 31
4 10 17 21 31
4 0 10 14 21
4 0 12 21 23
4 6 19 25 31
4 12 19 21 31
4 0 6 10 14
4 14 21 23 31
4 0 6 8 10
4 0 12 14 25
4 0 6 10 19
4 12 14 21 23
4 8 10 21 31
4 6 8 10 19
4 0 6 14 25
4 0 6 8 10
4 19 21 23 31
4 10 12 21 23
4 0 14 21 23
4 17 19 25 31
4 14 21 23 25
4 0 6 10 19
4 6 12 14 25
4 0 12 14 25
4 0 6 8 14
4 17 19 21 25
4 8 10 12 19
4 6 14 17 25
4 0 6 12 23
4 8 14 17 25
4 8 10 19 21
4 10 12 21 23
4 6 8 10 19
4 8 19 21 31
4 10 14 21 23
4 0 8 10 12
4 17 23 25 31
4 6 8 14 17
4 8 17 19 25
4 17 19 21 31
4 17 19 23 31
4 6 17 25 31
4 0 6 8 14
4 12 14 21 23
4 0 8 14 25
4 14 23 25 31
4 0 8 14 17
4 0 6 10 12
4 10 12 19 21
4 0 6 8 25
4 6 14 17 25
4 12 19 21 31
4 8 10 19 21
4 8 19 25 31
4 12 21 23 31
4 0 12 14 23
4 17 19 21 31
4 12 21 23 31
4 17 21 23 25
4 6 8 14 25
4 6 8 12 14
4 10 12 19 21
4 6 8 19 25
4 17 19 25 31
4 0 6 12 23
4 0 6 8 10
4 8 17 19 31
4 0 6 10 17
4 0 6 8 17
4 21 23 25 31
4 10 14 21 23
4 0 6 10 17
4 0 10 12 14
4 17 23 25 31
4 10 17 19 21
4 6 17 19 31
4 6 8 17 25
4 0 8 10 12
4 0 10 12 21
4 10 17 19 31
4 12 21 23 31
4 0 6 8 14
4 19 23 25 31
4 0 8 10 21
4 17 23 25 31
4 10 17 19 31
4 6 8 17 19
4 0 14 23 25
4 14 21 25 31
4 12 21 23 31
4 8 10 17 19
4 0 8 10 19
4 0 8 10 12
4 0 6 8 10
4 0 8 17 19
4 0 8 10 19
4 0 6 8 17
4 0 10 12 23
4 14 17 23 25
4 0 8 12 14
4 19 21 23 31
4 0 12 19 21
4 12 19 21 23
4 6 14 17 31
4 8 17 19 31
4 6 17 25 31
4 8 10 12 21
4 10 17 19 31
4 0 10 12 14
4 8 17 19 31
4 17 23 25 31
4 8 10 12 21
4 0 10 12 21
4 0 10 12 21
4 21 23 25 31
4 0 8 14 25
4 8 17 25 31
4 12 21 23 31
4 0 10 19 21
4 6 14 23 25
4 0 10 14 21
4 0 6 12 23
4 10 12 14 23
4 6 8 10 12
4 0 10 14 21
4 19 21 23 31
4 6 8 12 14
4 6 17 23 31
4 17 19 23 25
4 0 10 12 21
4 17 19 25 31
4 0 6 12 14
4 8 10 19 21
4 8 17 19 31
4 0 8 10 19
4 0 10 12 14
4 17 19 23 25
4 0 10 12 21
4 0 6 8 10
4 6 12 14 25
4 6 12 23 25
4 14 17 23 31
4 6 17 25 31
4 8 10 17 19
4 10 19 21 31
4 14 23 25 31
4 0 10 14 23
4 10 19 21 31
4 12 14 23 31
4 19 21 23 31
4 0 6 14 25
4 6 14 17 31
4 8 17 19 25
4 0 8 10 14
4 14 21 23 25
4 14 17 25 31
4 0 6 8 12
4 0 12 14 21
4 0 12 14 23
4 6 8 10 17
4 0 6 12 14
4 12 14 21 23
4 12 21 25 31
4 0 12 14 23
4 12 19 21 31
4 0 14 21 23
4 17 19 21 31
4 17 19 25 31
4 17 19 21 23
4 0 10 12 23
4 0 12 14 23
4 0 6 12 25
4 6 8 10 19
4 6 14 23 25
4 12 19 21 23
4 6 17 19 25
4 10 19 21 31
4 0 14 21 23
4 17 19 23 31
4 0 10 12 21
4 8 10 17 19
4 10 19 21 23
4 6 8 17 25
4 0 6 8 10
4 17 19 21 23
4 6 8 17 25
4 19 21 23 31
4 0 12 14 23
4 0 6 8 17
4 0 6 8 12
4 6 8 17 31
4 12 14 25 31
4 21 23 25 31
4 0 6 8 10
4 0 6 10 17
4 14 23 25 31
4 8 19 25 31
4 0 6 8 10
4 12 21 23 31
4 6 8 19 25
4 0 8 10 12
4 0 12 23 25
4 10 19 21 23
4 0 6 17 19
4 12 14 23 25
4 6 8 25 31
4 0 12 14 23
4 6 12 14 23
4 6 14 17 25
4 12 14 21 25
4 6 8 14 17
4 0 12 14 23
4 6 8 17 19
4 8 10 17 31
4 14 21 23 31
4 6 14 23 25
4 14 23 25 31
4 0 8 17 25
4 0 6 8 19
4 0 6 8 10
4 8 10 17 19
4 0 8 10 12
4 10 12 21 23
4 0 10 12 21
4 19 21 23 31
4 0 6 12 14
4 17 19 23 25
4 0 8 12 19
4 0 6 8 14
4 12 21 23 31
4 10 12 21 31
4 12 14 25 31
4 10 19 21 31
4 6 8 17 31
4 6 14 23 25
4 0 8 10 12
4 0 12 14 23
4 0 6 10 17
4 14 23 25 31
4 6 14 17 31
4 6 17 25 31
4 10 12 21 23
4 17 23 25 31
4 19 21 23 31
4 19 21 23 31
4 10 19 21 31
4 0 8 10 14
4 0 6 10 14
4 12 14 23 25
4 0 12 14 23
4 17 19 25 31
4 12 14 21 23
4 21 23 25 31
4 6 14 17 25
4 6 8 17 25
4 17 19 25 31
4 14 23 25 31
4 0 10 12 21
4 8 10 17 19
4 0 12 21 23
4 6 17 25 31
4 8 17 21 31
4 0 8 14 17
4 17 23 25 31
4 6 8 14 25
4 6 8 17 19
4 8 10 12 19
4 6 8 17 25
4 19 21 25 31
4 0 6 8 14
4 0 6 8 19
4 17 19 23 31
4 17 23 25 31
4 0 6 10 12
4 17 19 25 31
4 6 8 19 31
4 0 6 8 10
4 0 6 12 14
4 8 17 19 31
4 17 19 25 31
4 0 6 10 19
4 6 14 23 31
4 17 23 25 31
4 0 10 14 21
4 10 12 21 23
4 0 12 14 23
4 8 17 19 31
4 0 12 14 23
4 8 17 19 21
4 12 14 23 25
4 6 12 23 25
4 0 6 8 17
4 0 6 14 25
4 21 23 25 31
4 0 8 10 12
4 0 10 12 21
4 10 12 14 21
4 0 6 14 23
4 0 6 12 14
4 17 23 25 31
4 10 19 21 31
4 8 10 17 21
4 10 12 21 23
4 0 8 10 14
4 0 6 8 17
4 17 19 25 31
4 0 10 12 19
4 12 21 23 31
4 0 10 12 14
4 8 10 17 31
4 6 8 10 14
4 0 14 17 25
4 6 17 23 25
4 0 12 14 23
4 0 12 19 21
4 12 14 23 25
4 0 6 8 17
4 0 6 14 17
4 6 10 12 14
4 8 17 19 31
4 6 14 25 31
4 10 12 23 31
4 0 10 12 21
4 0 10 12 14
4 10 12 14 21
4 0 6 8 17
4 6 17 19 31
4 8 19 21 31
4 0 12 14 23
4 0 8 12 19
4 0 8 10 12
4 17 23 25 31
4 0 12 23 25
4 0 6 14 25
4 0 6 8 17
4 8 17 19 21
4 12 14 21 23
4 10 12 21 23
4 10 12 21 23
4 6 17 25 31
4 0 10 21 23
4 0 8 12 19
4 12 19 21 23
4 0 6 8 17
4 10 12 21 23
4 6 17 23 25
4 0 8 10 21
4 0 10 12 14
4 14 23 25 31
4 6 12 23 25
4 0 10 12 21
4 6 14 23 31
4 0 8 10 19
4 12 14 23 25
4 0 6 14 17
4 0 6 10 12
4 10 12 21 31
4 10 12 19 21
4 10 12 21 23
4 19 21 23 31
4 14 17 23 25
4 8 10 19 21
4 6 8 14 25
4 19 21 23 25
4 17 19 21 23
4 0 6 14 17
4 0 8 14 25
4 0 6 8 19
4 6 8 25 31
4 6 12 23 25
4 0 10 17 19
4 6 8 10 14
4 6 8 17 19
4 0 6 8 14
4 0 6 12 14
4 17 21 23 25
4 6 8 14 17
4 0 6 8 14
4 0 12 14 25
4 0 10 12 14
4 0 12 14 23
4 17 19 21 31
4 6 17 19 25
4 6 17 25 31
4 0 6 8 17
4 0 6 8 14
4 10 12 14 23
4 6 8 14 17
4 21 23 25 31
4 0 10 12 14
4 0 8 10 19
4 6 8 10 17
4 0 8 14 17
4 8 10 17 19
4 6 8 10 17
4 17 19 25 31
4 0 6 8 17
4 0 10 12 14
4 6 14 17 31
4 6 8 17 25
4 8 17 19 31
4 6 8 17 19
4 6 23 25 31
4 0 12 14 23
4 17 19 25 31
4 10 17 19 21
4 6 8 17 25
4 12 14 23 25
4 0 6 8 14
4 17 19 21 31
4 0 6 8 14
4 6 8 17 19
4 10 19 21 31
4 0 12 21 23
4 6 14 23 25
4 8 12 19 21
4 17 21 23 31
4 10 12 19 21
4 8 10 19 21
4 6 8 12 14
4 17 19 21 31
4 0 6 14 17
4 0 6 8 19
4 0 6 8 14
4 21 23 25 31
4 10 12 19 23
4 10 12 19 21
4 17 19 21 31
4 0 6 8 17
4 8 10 17 19
4 6 8 17 19
4 0 10 12 14
4 6 8 12 14
4 17 19 21 31
4 0 6 12 14
4 12 14 25 31
4 12 21 23 25
4 0 8 10 12
4 0 6 8 14
4 10 21 23 31
4 8 10 17 31
4 14 23 25 31
4 0 6 14 25
4 10 12 19 31
4 17 23 25 31
4 0 6 8 14
4 0 8 10 12
4 0 6 14 25
4 17 19 21 31
4 0 8 10 12
4 0 10 12 14
4 0 6 23 25
4 0 6 8 14
4 8 10 17 19
4 19 21 23 31
4 6 17 25 31
4 6 14 23 31
4 10 19 21 31
4 12 19 21 23
4 6 10 12 14
4 0 6 8 17
4 0 8 14 25
4 6 14 17 23
4 0 6 14 25
4 12 14 21 23
4 6 8 17 19
4 17 19 21 31
4 12 14 21 23
4 0 10 12 21
4 0 6 8 17
4 0 10 17 19
4 19 23 25 31
4 17 23 25 31
4 0 10 12 14
4 8 10 19 21
4 12 14 21 23
4 14 17 23 31
4 8 17 25 31
4 6 10 12 14
4 0 8 12 21
4 6 17 23 31
4 14 17 23 25
4 0 8 17 19
4 0 8 17 19
4 0 12 19 21
4 10 19 21 31
4 0 6 12 14
4 0 10 12 14
4 8 10 19 21
4 8 17 19 31
4 0 10 12 21
4 8 10 17 31
4 6 8 17 19
4 12 14 23 25
4 10 12 19 21
4 8 17 19 31
4 0 6 8 14
4 10 12 21 23
4 10 19 21 31
4 0 10 12 14
4 12 14 21 23
4 0 8 10 12
4 0 10 19 21
4 6 17 25 31
4 0 6 14 25
4 6 8 17 25
4 8 10 12 21
4 0 12 23 25
4 6 8 17 25
4 10 19 21 31
4 0 14 23 25
4 0 6 12 14
4 8 10 12 14
4 6 8 19 25
4 0 6 14 25
4 6 8 17 25
4 8 10 19 21
4 6 8 10 12
4 6 14 17 31
4 10 12 19 21
4 0 6 8 17
4 0 14 23 25
4 10 12 19 21
4 0 8 10 12
4 17 19 25 31
4 0 6 8 17
4 12 19 23 31
4 0 8 10 12
4 17 21 23 31
4 6 17 19 25
4 6 8 10 12
4 6 19 25 31
4 6 14 17 25
4 6 14 23 25
4 12 23 25 31
4 8 10 17 19
4 6 14 17 25
4 0 8 10 21
4 10 19 23 31
4 6 14 23 25
4 0 10 12 14
4 6 8 17 25
4 8 10 19 21
4 0 8 12 21
4 10 19 21 31
4 6 17 19 31
4 6 8 14 25
4 17 19 21 31
4 0 8 12 21
4 14 23 25 31
4 0 14 17 25
4 10 12 19 23
4 8 17 21 31
4 0 6 14 23
4 6 17 25 31
4 0 12 19 21
4 12 14 21 23
4 0 8 10 17
4 14 21 23 31
4 8 17 19 31
4 0 6 10 14
4 10 12 21 23
4 0 12 23 25
4 8 10 19 21
4 8 17 19 31
4 0 6 8 14
4 0 6 14 25
4 6 17 25 31
4 0 8 14 25
4 0 6 23 25
4 8 17 21 31
4 6 14 17 25
4 10 19 21 23
4 6 10 12 14
4 0 6 12 14
4 6 14 23 25
4 0 10 12 14
4 12 14 23 25
4 12 14 21 23
4 0 10 12 21
4 0 14 17 25
4 10 17 21 31
4 8 10 17 21
4 6 8 17 19
4 0 6 12 14
4 0 10 12 19
4 8 10 17 19
4 0 6 12 14
4 19 21 23 31
4 12 14 21 23
4 21 23 25 31
4 21 23 25 31
4 0 6 12 25
4 0 8 12 14
4 12 21 23 31
4 14 21 23 25
4 0 6 14 25
4 0 8 14 17
4 12 14 23 25
4 0 6 8 17
4 6 14 17 25
4 6 14 17 25
4 6 14 17 25
4 6 14 23 31
4 12 14 21 23
4 8 14 17 25
4 6 8 19 31
4 0 6 10 19
4 10 19 21 31
4 0 10 12 14
4 17 19 21 25
4 10 12 19 31
4 12 14 23 25
4 6 8 17 19
4 8 10 17 19
4 0 6 10 19
4 6 14 17 25
4 0 8 10 19
4 6 14 23 25
4 14 21 25 31
4 12 21 23 31
4 6 17 25 31
4 6 14 17 25
4 12 19 23 31
4 14 21 25 31
4 10 12 23 31
4 8 10 17 19
4 14 23 25 31
4 10 12 19 21
4 0 8 12 19
4 0 8 10 19
4 0 6 12 14
4 8 10 19 21
4 6 14 17 23
4 0 8 19 21
4 8 10 12 19
4 17 19 21 31
4 0 10 14 23
4 19 21 23 31
4 6 19 25 31
4 6 8 10 12
4 14 23 25 31
4 0 8 10 17
4 0 8 10 19
4 0 6 12 14
4 6 14 17 23
4 0 8 10 19
4 0 6 14 25
4 0 8 12 14
4 8 17 19 25
4 0 10 12 21
4 17 19 21 31
4 0 8 10 19
4 0 14 17 25
4 0 10 21 23
4 0 10 19 21
4 6 8 17 25
4 6 10 17 19
4 8 10 21 31
4 0 6 14 25
4 0 6 12 25
4 12 14 21 23
4 0 8 10 19
4 8 10 12 14
4 10 12 19 21
4 0 6 14 25
4 0 10 12 23
4 6 14 17 25
4 12 14 25 31
4 6 10 17 19
4 0 6 12 14
4 21 23 25 31
4 8 10 19 21
4 0 8 17 25
4 8 10 12 14
4 0 12 23 25
4 8 19 25 31
4 0 10 12 21
4 12 21 23 31
4 6 8 17 31
4 0 10 12 21
4 0 6 17 19
4 17 23 25 31
4 0 8 10 17
4 0 8 12 19
4 12 14 23 25
4 0 10 12 21
4 0 6 14 25
4 6 17 25 31
4 12 21 25 31
4 0 10 12 23
4 6 8 17 19
4 12 14 25 31
4 6 8 25 31
4 14 23 25 31
4 8 17 19 31
4 6 14 23 25
4 0 8 10 19
4 6 10 17 19
4 12 21 23 31
4 6 14 23 31
4 8 10 17 19
4 0 6 17 19
4 6 8 17 19
4 6 8 17 25
4 12 14 21 25
4 12 14 21 25
4 0 10 12 14
4 12 14 21 31
4 8 10 17 31
4 8 10 19 31
4 6 14 17 25
4 0 8 10 19
4 8 10 12 21
4 0 12 14 25
4 6 8 17 25
4 8 10 21 31
4 0 6 14 25
4 0 6 17 25
4 12 14 21 31
4 21 23 25 31
4 12 14 21 23
4 8 10 19 21
4 12 14 23 25
4 0 6 23 25
4 10 12 19 21
4 0 6 12 25
4 0 6 14 25
4 0 10 21 23
4 0 10 14 23
4 6 14 17 25
4 12 19 23 31
4 14 23 25 31
4 17 19 21 25
4 0 8 10 19
4 8 19 21 31
4 6 8 19 31
4 8 17 21 31
4 8 10 12 14
4 12 21 23 31
4 6 8 19 31
4 6 17 25 31
4 12 21 23 31
4 8 10 17 19
4 8 17 21 31
4 19 21 23 31
4 8 10 19 31
4 0 10 21 23
4 17 19 21 25
4 0 8 17 25
4 6 14 17 23
4 8 10 17 19
4 8 10 19 31
4 8 10 19 21
4 0 12 14 23
4 0 10 21 23
4 10 19 21 31
4 12 14 21 23
4 17 19 21 31
4 10 12 21 23
4 0 8 12 21
4 10 17 21 31
4 8 10 17 19
4 0 10 14 23
4 10 21 23 31
4 12 14 23 25
4 0 8 10 19
4 12 14 23 25
4 12 14 21 31
4 8 10 19 21
4 8 19 25 31
4 0 12 14 21
4 0 12 14 23
4 0 12 14 23
4 17 19 21 23
4 6 17 23 25
4 17 23 25 31
4 10 12 14 23
4 10 12 21 31
4 10 12 19 21
4 6 8 19 31
4 0 8 10 21
4 0 8 10 19
4 12 14 21 23
4 6 14 17 25
4 6 8 17 25
4 12 19 23 31
4 14 21 25 31
4 6 19 25 31
4 10 12 21 23
4 10 12 19 23
4 6 14 23 25
4 12 21 25 31
4 6 8 19 25
4 0 8 17 25
4 12 14 23 25
4 6 17 23 25
4 12 14 21 25
4 0 8 12 21
4 8 10 17 19
4 6 8 25 31
4 10 12 21 23
4 10 19 23 31
4 6 14 25 31
4 6 8 25 31
4 8 10 19 21
4 10 19 23 31
4 12 14 21 25
4 8 10 19 21
4 8 10 19 21
4 0 8 19 21
4 10 12 21 23
4 10 19 23 31
4 6 8 17 19
4 12 14 21 31
4 17 19 21 23
4 0 8 19 21
4 6 14 23 25
4 6 17 25 31
4 10 12 19 31
4 6 14 17 23
4 6 14 23 25
4 6 23 25 31
4 12 21 23 25
4 6 17 25 31
4 6 8 17 19
4 6 14 23 25
4 8 17 19 31
4 6 8 17 25
4 10 19 21 31
4 6 14 25 31
4 6 14 17 25
4 6 14 23 25
4 12 21 23 31
4 10 12 19 21
4 6 14 23 25
4 17 19 21 31
4 17 23 25 31
4 17 19 25 31
4 17 19 25 31
4 10 12 19 31
4 17 23 25 31
4 10 17 21 31
4 19 21 23 31
4 6 14 23 25
4 17 19 21 31
4 6 8 17 19
4 10 12 19 21
4 10 12 23 31
4 6 8 17 25
4 6 17 23 31
4 12 14 21 23
4 6 17 25 31
4 12 21 25 31
4 12 21 23 31
4 6 17 25 31
4 6 14 17 25
4 10 17 21 31
4 10 19 21 31
4 12 21 23 25
4 12 23 25 31
4 10 12 21 23
4 17 21 25 31
4 17 23 25 31
4 17 19 21 31
4 19 21 23 25
4 12 21 23 31
4 17 19 23 25
4 12 21 25 31
4 19 21 23 25
4 17 19 25 31
4 10 12 23 31
4 10 12 21 23
4 17 23 25 31
4 10 12 21 23
4 10 19 21 31
4 17 19 23 25
4 10 12 21 31
4 21 23 25 31
4 10 19 21 31
4 12 19 23 31
4 21 23 25 31
