2 7 9
2 5 7
2 28 30
2 28 30
2 1 3
2 2 4
2 22 30
2 9 28
2 3 5
2 4 22
2 9 11
2 9 27
2 22 30
2 11 13
2 26 28
2 18 26
2 15 30
2 13 15
2 9 28
2 22 30
2 5 24
2 9 27
2 15 26
2 9 11
2 20 29
2 11 28
2 5 7
2 5 13
2 5 24
2 4 24
2 15 26
2 18 26
2 3 9
2 3 20
2 28 30
2 16 27
2 4 22
2 1 16
2 1 3
2 13 29
2 22 28
2 22 24
2 1 9
2 3 9
2 15 26
2 28 30
2 2 18
2 27 30
2 7 27
2 20 22
2 5 13
2 1 16
2 24 29
2 18 28
2 1 16
2 22 28
2 13 29
2 7 27
2 2 18
2 20 22
2 13 15
2 1 18
2 15 26
2 7 26
2 22 24
2 2 5
2 2 20
2 26 29
2 3 13
2 5 16
2 18 28
2 28 30
2 7 15
2 28 30
2 3 5
2 27 30
2 1 16
2 7 15
2 28 30
2 13 15
2 9 28
2 11 28
2 2 7
2 5 13
2 3 5
2 24 29
2 4 22
2 20 27
2 11 13
2 15 30
2 28 30
2 18 28
2 2 7
2 2 11
2 7 9
2 7 15
2 20 22
2 27 30
2 3 22
2 1 4
2 9 11
2 18 26
2 16 30
2 18 20
2 22 28
2 15 26
2 15 30
2 18 26
2 4 11
2 3 20
2 7 26
2 22 30
2 18 20
2 4 11
2 9 11
2 26 28
2 27 30
2 4 15
2 2 20
2 27 29
2 1 4
2 4 11
2 3 5
2 18 28
2 16 24
2 2 11
2 2 18
2 24 26
2 26 28
2 7 15
2 13 30
2 11 29
2 16 27
2 18 26
2 28 30
2 3 22
2 1 15
2 24 29
2 9 11
2 1 4
2 1 4
2 11 13
2 20 27
2 3 9
2 11 28
2 2 7
2 1 4
2 22 24
2 16 27
2 2 4
2 16 30
2 9 11
2 16 24
2 4 24
2 2 18
2 22 28
2 22 28
2 16 30
2 1 16
2 2 11
2 9 28
2 1 18
2 26 29
2 3 9
2 24 29
2 3 13
2 27 30
2 16 30
2 3 13
2 7 9
2 18 28
2 13 30
2 7 26
2 11 13
2 16 18
2 9 28
2 20 29
2 2 7
2 24 29
2 16 24
2 27 30
2 11 29
2 1 9
2 18 20
2 20 27
2 2 4
2 9 11
2 15 26
2 7 27
2 24 29
2 1 3
2 26 29
2 13 30
2 22 24
2 26 29
2 13 29
2 3 13
2 3 20
2 9 27
2 20 27
2 11 28
2 13 15
2 18 20
2 26 29
2 22 30
2 2 5
2 4 22
2 11 28
2 16 18
2 5 7
2 2 20
2 24 26
2 9 11
2 2 7
2 5 16
2 28 30
2 2 4
2 26 28
2 1 3
2 18 26
2 4 24
2 3 22
2 2 4
2 13 30
2 2 11
2 18 28
2 2 20
2 24 26
2 13 30
2 16 27
2 3 5
2 16 24
2 24 29
2 11 29
2 3 13
2 4 15
2 4 24
2 15 30
2 3 5
2 4 24
2 1 4
2 18 20
2 20 27
2 4 22
2 1 9
2 27 29
2 1 3
2 5 16
2 4 22
2 3 22
2 4 15
2 18 20
2 7 9
2 1 18
2 15 26
2 22 30
2 11 29
2 20 22
2 3 5
2 4 15
2 16 18
2 16 18
2 3 13
2 7 15
2 26 29
2 2 7
2 24 29
2 18 20
2 24 29
2 1 9
2 4 15
2 13 29
2 9 27
2 27 30
2 1 4
2 16 27
2 7 27
2 3 22
2 1 18
2 13 30
2 9 28
2 18 28
2 26 28
2 1 3
2 16 30
2 3 20
2 20 27
2 11 29
2 16 30
2 16 18
2 22 30
2 4 15
2 16 18
2 27 29
2 1 3
2 20 29
2 3 22
2 3 5
2 2 5
2 3 20
2 26 28
2 16 27
2 11 29
2 3 9
2 22 28
2 27 30
2 5 7
2 22 28
2 11 28
2 1 15
2 5 13
2 4 22
2 1 18
2 18 20
2 4 24
2 7 15
2 3 5
2 22 28
2 27 29
2 24 26
2 4 22
2 4 22
2 18 28
2 13 30
2 4 24
2 24 29
2 13 30
2 3 5
2 18 26
2 13 30
2 26 29
2 3 5
2 5 24
2 3 13
2 11 28
2 15 30
2 15 30
2 5 13
2 5 16
2 20 29
2 1 4
2 24 26
2 2 4
2 5 13
2 3 22
2 18 20
2 2 7
2 1 15
2 13 30
2 15 30
2 27 30
2 13 29
2 22 30
2 16 30
2 20 29
2 16 27
2 2 20
2 26 28
2 5 7
2 15 30
2 1 16
2 2 11
2 5 24
2 4 22
2 15 30
2 5 24
2 26 29
2 11 13
2 1 3
2 15 26
2 24 26
2 16 30
2 2 4
2 22 28
2 4 11
2 5 7
2 24 26
2 9 11
2 18 26
2 9 27
2 7 26
2 27 29
2 16 27
2 3 5
2 28 30
2 3 9
2 1 3
2 18 26
2 1 3
2 28 30
2 15 30
2 4 15
2 16 24
2 16 27
2 2 4
2 16 24
2 13 30
2 9 28
2 9 28
2 2 11
2 3 9
2 4 15
2 4 15
2 2 18
2 7 27
2 7 15
2 7 9
2 5 16
2 11 29
2 3 20
2 4 22
2 27 29
2 2 18
2 2 11
2 26 28
2 7 26
2 18 28
2 13 30
2 26 28
2 16 27
2 2 18
2 18 20
2 1 15
2 7 26
2 4 15
2 3 5
2 2 4
2 16 18
2 16 18
2 18 20
2 13 30
2 9 27
2 5 16
2 4 22
2 4 24
2 16 18
2 1 3
2 18 26
2 13 30
2 1 16
2 11 13
2 13 29
2 3 5
2 3 13
2 1 3
2 7 26
2 13 29
2 27 30
2 11 13
2 2 7
2 2 7
2 26 29
2 13 29
2 1 9
2 3 13
2 26 28
2 7 9
2 3 22
2 15 26
2 9 28
2 5 16
2 22 30
2 18 28
2 3 22
2 20 27
2 9 27
2 22 28
2 2 18
2 11 29
2 7 26
2 13 30
2 4 15
2 2 7
2 9 28
2 3 20
2 20 22
2 13 30
2 27 29
2 22 24
2 26 28
2 18 26
2 16 24
2 3 5
2 28 30
2 3 5
2 16 30
2 11 28
2 1 18
2 7 15
2 7 9
2 5 7
2 11 13
2 9 28
2 15 30
2 7 27
2 22 30
2 7 9
2 2 20
2 3 22
2 5 16
2 2 11
2 1 3
2 2 4
2 4 15
2 26 29
2 27 29
2 7 9
2 18 26
2 3 13
2 2 7
2 2 7
2 11 29
2 11 28
2 3 5
2 1 18
2 16 27
2 13 29
2 18 26
2 3 20
2 4 15
2 20 22
2 3 9
2 11 29
2 24 29
2 15 30
2 3 22
2 2 4
2 11 29
2 22 30
2 3 5
2 2 11
2 27 30
2 2 4
2 3 22
2 28 30
2 27 29
2 4 15
2 2 4
2 13 29
2 2 11
2 3 20
2 7 26
2 5 7
2 9 27
2 5 13
2 9 28
2 4 15
2 9 28
2 9 27
2 22 24
2 20 22
2 2 18
2 28 30
2 16 18
2 7 26
2 20 27
2 26 29
2 2 20
2 13 15
2 4 24
2 16 27
2 26 28
2 13 30
2 1 3
2 15 30
2 1 16
2 28 30
2 4 24
2 27 29
2 20 22
2 3 20
2 9 28
2 16 24
2 1 9
2 24 29
2 20 22
2 27 30
2 3 13
2 9 11
2 7 15
2 16 30
2 16 27
2 7 26
2 20 22
2 11 13
2 4 15
2 7 27
2 16 24
2 26 29
2 3 5
2 18 20
2 20 22
2 24 29
2 4 24
2 2 7
2 16 18
2 7 27
2 3 13
2 7 26
2 24 26
2 1 15
2 22 24
2 18 26
2 3 20
2 15 26
2 18 26
2 1 9
2 20 27
2 7 27
2 2 20
2 22 30
2 9 27
2 20 29
2 27 29
2 7 15
2 15 30
2 7 27
2 1 15
2 3 20
2 16 30
2 11 28
2 2 4
2 1 3
2 20 29
2 20 22
2 22 30
2 3 13
2 18 28
2 24 29
2 27 30
2 3 13
2 11 28
2 9 27
2 1 4
2 11 28
2 27 30
2 9 28
2 16 18
2 9 27
2 4 15
2 3 22
2 3 13
2 22 28
2 20 22
2 7 27
2 11 29
2 7 9
2 26 28
2 13 30
2 13 29
2 20 29
2 4 24
2 13 29
2 11 13
2 11 29
2 7 26
2 9 11
2 4 22
2 11 13
2 3 22
2 9 11
2 20 27
2 3 22
2 5 24
2 3 13
2 20 27
2 28 30
2 1 3
2 27 29
2 22 30
2 5 16
2 16 27
2 18 28
2 16 24
2 2 5
2 16 30
2 4 15
2 26 29
2 4 24
2 11 29
2 22 24
2 20 22
2 1 3
2 1 15
2 5 16
2 1 4
2 11 28
2 13 15
2 3 13
2 27 30
2 26 28
2 5 13
2 20 27
2 1 18
2 2 18
2 24 26
2 26 29
2 7 15
2 5 24
2 2 11
2 20 29
2 5 7
2 2 4
2 20 29
2 16 30
2 20 27
2 5 24
2 16 30
2 7 26
2 18 20
2 27 29
2 4 24
2 2 5
2 9 11
2 3 20
2 7 15
2 1 16
2 26 29
2 13 29
2 20 29
2 3 9
2 20 29
2 7 27
2 22 24
2 13 15
2 7 26
2 7 27
2 11 28
2 22 24
2 1 3
2 3 9
2 16 18
2 4 24
2 2 18
2 2 20
2 4 11
2 26 28
2 24 26
2 3 20
2 2 11
2 22 24
2 22 24
2 24 26
2 5 13
2 18 20
2 27 29
2 4 15
2 4 11
2 16 18
2 13 15
2 13 29
2 20 27
2 5 7
2 4 11
2 22 28
2 7 26
2 5 16
2 7 27
2 16 18
2 24 26
2 16 30
2 11 13
2 20 27
2 20 29
2 15 26
2 18 28
2 4 11
2 13 15
2 18 20
2 26 29
2 28 30
2 3 13
2 22 28
2 20 22
2 16 24
2 27 30
2 3 9
2 24 26
2 22 28
2 18 28
2 16 24
2 15 26
2 1 4
2 20 29
2 5 7
2 16 24
2 2 5
2 3 22
2 26 29
2 3 22
2 9 11
2 18 20
2 7 9
2 22 24
2 20 29
2 16 24
2 5 16
2 9 27
2 27 30
2 20 29
2 4 24
2 15 30
2 5 24
2 3 22
2 11 28
2 1 3
2 15 26
2 2 7
2 22 28
2 1 16
2 4 24
2 9 27
2 4 11
2 16 30
2 2 18
2 13 29
2 2 18
2 5 13
2 27 29
2 5 7
2 20 27
2 24 26
2 4 24
2 27 30
2 9 27
2 11 13
2 11 28
2 9 27
2 5 13
2 22 28
2 5 7
2 27 29
2 27 29
2 20 27
2 27 29
2 1 9
2 7 9
2 16 27
2 11 28
2 4 24
2 13 15
2 11 13
2 26 28
2 16 30
2 24 29
2 27 30
2 7 15
2 7 9
2 1 9
2 1 4
2 18 28
2 26 28
2 2 18
2 2 18
2 11 29
2 11 29
2 2 7
2 20 22
2 9 11
2 11 29
2 20 22
2 3 9
2 1 18
2 11 28
2 3 13
2 22 30
2 5 13
2 7 27
2 2 5
2 1 16
2 2 18
2 11 13
2 5 13
2 22 24
2 20 29
2 22 24
2 20 27
2 2 18
2 7 15
2 2 11
2 3 20
2 1 16
2 1 9
2 5 16
2 13 15
2 1 18
2 5 16
2 15 30
2 13 29
2 9 28
2 15 26
2 9 11
2 24 26
2 15 30
2 2 4
2 16 18
2 2 4
2 4 22
2 26 28
2 7 9
2 22 24
2 22 30
2 20 27
2 2 11
2 22 24
2 22 28
2 26 29
2 4 11
2 7 26
2 5 24
2 15 26
2 20 29
2 7 27
2 16 24
2 20 22
2 13 30
2 5 24
2 18 28
2 9 28
2 1 18
2 24 26
2 26 29
2 7 15
2 9 28
2 16 27
2 3 9
2 2 18
2 22 30
2 18 20
2 7 9
2 13 15
2 11 29
2 27 29
2 9 27
2 4 11
2 15 26
2 7 9
2 4 11
2 7 26
2 24 29
2 9 11
2 24 29
2 15 26
2 9 27
2 15 30
2 18 20
2 3 22
2 7 9
2 7 27
2 13 29
2 1 9
2 11 13
2 3 20
2 5 24
2 9 11
2 24 26
2 22 24
2 5 7
2 9 11
2 13 29
2 13 29
2 4 11
2 4 11
2 2 7
2 7 9
2 28 30
2 7 9
2 5 13
2 13 15
2 2 11
2 24 29
2 24 26
2 18 28
2 4 22
2 5 13
2 18 20
2 20 29
2 1 9
2 1 18
2 18 26
2 16 24
2 18 28
2 18 28
2 1 15
2 9 27
2 9 28
2 18 26
2 16 27
2 20 22
2 7 15
2 2 20
2 2 4
2 16 24
2 13 15
2 4 22
2 13 15
2 26 28
2 5 16
2 4 11
2 2 20
2 2 7
2 5 24
2 5 24
2 5 7
2 5 13
2 16 27
2 1 4
2 11 28
2 3 20
2 22 30
2 13 15
2 13 15
2 16 27
2 16 18
2 1 15
2 7 26
2 2 4
2 5 16
2 16 30
2 13 15
2 5 24
2 18 26
2 5 7
2 2 7
2 15 26
2 1 18
2 1 18
2 15 26
2 11 13
2 16 18
2 16 18
2 18 26
2 2 5
2 2 20
2 2 20
2 7 27
2 5 7
2 1 15
2 11 13
2 24 26
2 15 30
2 7 27
2 3 9
2 22 28
2 5 16
2 1 18
2 4 11
2 7 15
2 5 16
2 3 9
2 2 7
2 4 11
2 22 28
2 1 18
2 3 9
2 1 18
2 16 24
2 24 29
2 4 11
2 7 15
2 5 7
2 3 9
2 4 22
2 5 24
2 1 16
2 1 9
2 5 13
2 5 24
2 16 24
2 1 15
2 1 15
2 4 22
2 2 18
2 1 4
2 16 30
2 3 9
2 4 11
2 1 15
2 2 20
2 2 11
2 3 9
2 1 18
2 4 22
2 22 30
2 3 20
2 13 15
2 11 13
2 5 7
2 2 11
2 2 20
2 2 11
2 1 9
2 1 16
2 3 20
2 2 5
2 2 5
2 2 5
2 1 4
2 5 16
2 1 4
2 5 13
2 7 15
2 2 20
2 2 5
2 22 24
2 1 16
2 1 15
2 11 29
2 2 20
2 1 9
2 2 20
2 1 18
2 1 15
2 2 11
2 2 20
2 5 24
2 5 24
2 1 9
2 1 9
2 1 16
2 2 5
2 2 5
2 5 13
2 2 5
2 1 9
2 2 5
2 1 9
2 1 4
2 2 5
2 1 16
2 1 16
2 1 4
2 1 15
2 1 16
2 1 4
2 1 15
2 2 5
2 1 15
2 1 15
2 2 5
