8 0 12 17 19 21 23 25 31
8 0 6 8 10 14 17 21 25
8 6 14 17 19 21 23 25 31
8 6 8 17 19 21 23 25 31
8 0 6 8 10 12 14 23 31
8 12 14 17 19 21 23 25 31
8 0 6 8 10 12 14 19 23
8 0 6 8 10 12 14 17 19
8 0 8 10 12 19 21 25 31
8 6 10 12 14 17 21 23 25
8 0 8 10 12 14 19 25 31
8 10 12 17 19 21 23 25 31
8 12 14 17 19 21 23 25 31
8 12 14 17 19 21 23 25 31
8 12 14 17 19 21 23 25 31
8 0 6 8 10 12 19 21 31
8 0 6 10 19 21 23 25 31
8 0 6 8 10 12 14 17 23
8 0 8 10 14 17 19 23 31
8 0 6 8 14 17 21 25 31
8 6 8 12 17 21 23 25 31
8 0 6 8 10 12 14 17 19
8 0 6 8 10 12 17 19 21
8 0 6 8 10 12 17 19 21
8 0 6 8 10 14 23 25 31
8 0 6 14 19 21 23 25 31
8 0 6 8 10 12 14 23 25
8 0 6 12 14 17 19 21 23
8 0 6 8 10 17 23 25 31
8 8 10 14 17 19 21 25 31
8 0 6 8 10 12 14 25 31
8 8 10 17 19 21 23 25 31
8 0 6 8 10 12 14 21 23
8 0 8 14 17 19 21 23 31
8 6 8 10 14 19 21 23 25
8 0 6 10 12 14 17 25 31
8 10 12 17 19 21 23 25 31
8 0 6 8 12 14 23 25 31
8 0 6 8 10 12 17 19 21
8 0 6 8 12 17 19 25 31
8 0 6 10 12 14 21 23 25
8 8 10 14 17 19 21 23 31
8 0 6 8 12 14 17 19 25
8 10 12 17 19 21 23 25 31
8 6 10 12 17 21 23 25 31
8 0 6 8 14 21 23 25 31
8 0 8 10 12 14 19 21 31
8 0 6 8 10 14 17 19 23
8 0 6 10 12 14 17 21 25
8 8 12 14 17 19 23 25 31
8 0 6 8 10 19 21 23 31
8 6 10 12 17 19 21 23 31
8 0 8 12 14 19 23 25 31
8 6 10 12 19 21 23 25 31
8 0 6 8 10 12 14 17 25
8 6 8 12 14 17 19 21 25
8 0 6 12 14 17 23 25 31
8 0 8 10 14 17 19 21 31
8 0 8 10 19 21 23 25 31
8 0 6 8 10 17 19 21 31
8 0 6 8 10 12 17 19 31
8 0 6 12 14 17 21 23 25
8 0 6 10 12 19 21 23 31
8 6 8 14 17 21 23 25 31
8 8 10 12 14 17 19 23 25
8 0 8 10 12 14 21 23 25
8 8 14 17 19 21 23 25 31
8 0 6 10 12 14 19 21 25
8 0 6 8 10 12 19 21 25
8 0 6 8 14 17 19 25 31
8 6 8 10 12 19 21 23 31
8 0 10 12 14 17 21 23 31
8 0 6 10 14 17 23 25 31
8 0 6 10 12 19 21 25 31
8 8 12 14 17 19 21 23 31
8 0 6 8 10 14 17 23 25
8 0 6 8 14 19 21 23 25
8 8 10 12 14 17 23 25 31
8 10 12 14 17 19 21 23 31
8 0 6 8 12 14 17 25 31
8 0 6 8 10 17 19 21 23
8 6 8 12 17 19 23 25 31
8 0 6 8 10 17 19 25 31
8 0 6 8 10 17 19 25 31
8 0 10 12 14 21 23 25 31
8 6 10 12 14 17 19 21 23
8 0 12 14 17 19 21 23 31
8 0 6 8 10 12 14 21 25
8 0 6 8 12 14 17 21 31
8 8 10 12 14 19 21 23 25
8 6 14 17 19 21 23 25 31
8 0 8 10 12 14 17 19 23
8 0 6 8 10 21 23 25 31
8 0 6 8 14 17 19 25 31
8 0 6 8 14 17 19 25 31
8 10 12 14 17 21 23 25 31
8 0 6 8 10 12 19 21 23
8 0 6 8 10 12 14 19 31
8 0 8 12 17 19 23 25 31
8 0 10 12 14 19 21 23 31
8 6 8 17 19 21 23 25 31
8 0 6 8 12 14 17 19 31
8 0 6 8 14 17 19 21 25
8 0 6 8 10 14 17 19 25
8 0 6 8 10 14 17 19 25
8 0 6 8 10 17 19 21 25
8 0 14 17 19 21 23 25 31
8 6 10 12 14 21 23 25 31
8 8 10 12 17 19 21 23 31
8 6 10 12 14 19 21 23 25
8 6 8 12 14 19 21 23 25
8 6 12 14 17 21 23 25 31
8 0 6 10 12 14 19 23 25
8 0 6 8 10 12 17 19 23
8 6 10 12 17 19 21 25 31
8 0 8 10 12 14 21 23 31
8 6 8 10 12 17 19 21 31
8 0 10 12 14 21 23 25 31
8 0 6 8 10 12 14 19 25
8 6 8 14 17 19 23 25 31
8 6 12 14 19 21 23 25 31
8 6 8 12 14 17 19 21 23
8 0 10 12 14 17 19 21 31
8 0 6 8 10 12 17 19 21
8 0 10 17 19 21 23 25 31
8 0 6 12 14 17 19 21 25
8 0 6 8 14 17 19 23 25
8 0 6 8 10 17 19 23 31
8 0 8 10 12 21 23 25 31
8 0 8 10 12 19 21 23 31
8 0 8 10 12 19 21 23 31
8 0 6 8 10 12 14 19 21
8 0 6 8 12 14 17 21 23
8 0 6 8 10 12 17 19 25
8 0 6 12 14 17 23 25 31
8 0 8 10 12 17 19 21 31
8 0 6 12 14 17 23 25 31
8 0 8 10 17 19 21 25 31
8 6 8 10 12 17 21 23 25
8 0 6 8 10 12 14 17 21
8 0 10 12 14 21 23 25 31
8 6 12 14 17 21 23 25 31
8 0 10 12 14 19 21 23 31
8 8 10 14 19 21 23 25 31
8 6 8 10 17 19 21 25 31
8 0 8 12 17 21 23 25 31
8 6 10 12 14 17 19 21 25
8 10 12 14 19 21 23 25 31
8 0 6 8 10 14 21 25 31
8 0 6 12 14 21 23 25 31
8 0 6 8 10 12 17 25 31
8 8 10 12 14 17 19 25 31
8 0 6 14 17 19 21 25 31
8 0 6 10 12 14 17 23 25
8 0 6 8 10 17 19 21 31
8 6 12 17 19 21 23 25 31
8 0 8 10 12 14 19 23 25
8 0 8 10 14 19 23 25 31
8 0 6 8 17 19 21 23 31
8 6 10 14 17 21 23 25 31
8 0 6 10 12 14 17 21 31
8 0 10 14 17 19 21 25 31
8 0 8 10 12 14 19 21 23
8 0 8 10 12 14 17 21 23
8 8 10 12 17 19 21 23 31
8 10 14 17 19 21 23 25 31
8 0 6 10 12 14 21 23 31
8 0 8 10 12 17 21 23 25
8 6 8 10 17 19 21 23 31
8 0 12 14 17 21 23 25 31
8 0 6 8 14 19 21 23 31
8 6 8 14 17 19 23 25 31
8 6 10 17 19 21 23 25 31
8 0 6 8 10 12 14 23 25
8 8 10 12 14 17 19 21 25
8 0 6 12 14 17 23 25 31
8 6 10 14 17 19 21 25 31
8 0 6 10 12 17 21 25 31
8 0 6 10 14 17 21 25 31
8 0 6 8 10 12 14 17 19
8 0 6 8 10 17 19 25 31
8 0 10 14 17 19 23 25 31
8 0 6 8 10 14 19 23 25
8 0 10 12 14 17 19 21 25
8 0 6 8 10 17 19 25 31
8 0 8 12 14 17 21 23 31
8 6 14 17 19 21 23 25 31
8 0 6 8 10 17 19 21 31
8 10 12 14 19 21 23 25 31
8 0 6 8 10 12 14 17 19
8 0 6 8 17 21 23 25 31
8 6 10 12 14 17 19 25 31
8 8 10 17 19 21 23 25 31
8 8 10 12 14 17 21 23 25
8 0 8 10 17 19 21 23 31
8 6 12 14 17 21 23 25 31
8 6 8 10 17 19 23 25 31
8 6 8 10 14 17 21 23 25
8 0 6 12 14 17 19 23 25
8 8 10 12 17 19 21 23 31
8 6 8 14 17 19 21 25 31
8 8 10 14 17 19 23 25 31
8 0 6 8 12 14 17 23 25
8 8 10 12 17 19 21 25 31
8 0 6 10 14 19 23 25 31
8 0 6 8 10 17 19 23 25
8 0 10 12 14 17 19 21 23
8 0 6 8 10 12 14 19 21
8 10 12 17 19 21 23 25 31
8 0 6 8 14 17 19 21 31
8 0 6 8 10 12 14 19 21
8 0 6 8 12 14 17 23 25
8 6 8 14 17 19 23 25 31
8 0 6 10 12 14 19 25 31
8 0 6 8 10 19 21 23 25
8 6 8 10 17 19 21 25 31
8 0 6 8 10 12 14 17 25
8 10 12 14 19 21 23 25 31
8 10 12 14 19 21 23 25 31
8 0 8 10 12 14 19 21 25
8 0 6 10 12 14 21 23 25
8 0 10 12 17 19 21 23 31
8 6 10 14 17 19 23 25 31
8 8 10 12 17 19 21 23 31
8 0 6 8 10 17 19 21 31
8 0 6 8 10 12 14 17 25
8 0 6 8 10 14 17 25 31
8 0 6 8 14 17 19 25 31
8 0 6 8 10 12 14 19 21
8 0 6 8 14 17 23 25 31
8 0 8 10 12 14 17 19 21
8 6 10 12 14 17 23 25 31
8 0 6 8 10 14 19 21 31
8 6 10 12 14 17 19 21 31
8 0 6 8 14 17 23 25 31
8 0 6 10 12 14 17 21 23
8 0 8 10 12 17 19 21 31
8 0 6 8 12 14 19 23 31
8 0 6 8 10 12 17 21 25
8 0 6 8 10 12 14 21 23
8 0 6 8 12 14 17 23 25
8 0 6 8 10 12 14 21 23
8 0 6 8 14 17 23 25 31
8 0 6 10 12 17 21 23 31
8 0 6 12 14 21 23 25 31
8 0 6 8 10 14 19 23 31
8 0 6 8 10 12 14 17 25
8 0 6 8 12 14 17 23 25
8 0 6 8 10 14 17 19 25
8 0 8 10 14 19 21 25 31
8 8 10 17 19 21 23 25 31
8 0 6 14 17 21 23 25 31
8 0 6 8 10 12 14 23 25
8 0 6 8 10 14 17 19 31
8 0 6 8 10 17 21 23 25
8 8 10 17 19 21 23 25 31
8 8 12 17 19 21 23 25 31
8 6 8 10 12 17 19 25 31
8 0 8 10 12 14 19 21 23
8 6 8 12 14 17 19 21 31
8 8 10 12 14 21 23 25 31
8 0 8 10 12 14 19 21 23
8 6 8 12 14 19 21 23 31
8 0 6 8 14 17 19 21 23
8 8 12 14 17 21 23 25 31
8 6 10 12 14 17 19 23 25
8 6 10 12 14 19 21 23 31
8 8 10 12 14 17 19 21 23
8 6 8 10 17 19 21 25 31
8 8 10 12 14 17 19 21 31
8 6 8 10 14 17 19 21 25
8 0 12 14 17 19 23 25 31
8 0 6 8 14 17 21 23 25
8 6 8 12 17 19 21 23 31
8 0 6 8 12 14 21 23 31
8 0 6 12 14 17 19 25 31
8 6 8 17 19 21 23 25 31
8 6 8 10 14 17 19 23 25
8 0 8 17 19 21 23 25 31
8 8 10 12 19 21 23 25 31
8 0 6 8 10 12 14 21 31
8 0 6 8 10 12 14 17 31
8 0 6 8 10 14 17 19 21
8 6 8 10 14 21 23 25 31
8 0 6 8 10 12 17 21 23
8 6 8 10 14 17 19 21 23
8 6 8 12 14 17 23 25 31
8 0 6 8 10 12 21 25 31
8 0 6 8 12 14 17 21 25
8 0 10 12 14 17 19 23 25
8 0 8 12 14 17 19 23 31
8 0 8 10 12 19 21 23 25
8 0 6 10 12 14 19 21 23
8 0 10 12 14 21 23 25 31
8 0 6 8 17 19 21 25 31
8 6 12 14 17 21 23 25 31
8 0 6 8 10 14 19 21 25
8 0 6 8 10 12 14 23 25
8 8 10 12 14 19 21 23 31
8 6 8 12 14 21 23 25 31
8 6 12 14 17 19 23 25 31
8 0 6 8 10 12 17 23 31
8 0 8 10 12 14 17 19 31
8 6 8 12 14 17 19 25 31
8 6 8 10 14 19 21 23 31
8 0 6 12 14 19 21 23 31
8 6 8 10 12 17 23 25 31
8 0 10 12 14 17 21 23 25
8 0 6 8 12 14 19 23 25
8 0 6 12 14 21 23 25 31
8 0 10 12 17 21 23 25 31
8 0 6 8 14 17 23 25 31
8 0 10 12 19 21 23 25 31
8 0 8 10 12 17 19 23 25
8 6 14 17 19 21 23 25 31
8 6 8 10 14 17 19 21 31
8 0 6 8 10 14 17 19 25
8 8 12 14 19 21 23 25 31
8 0 6 8 10 12 21 23 31
8 0 6 10 12 14 19 21 31
8 0 6 8 12 14 17 19 23
8 6 8 10 12 17 19 21 25
8 0 6 8 10 12 14 21 23
8 0 8 10 17 19 23 25 31
8 0 10 12 17 19 21 25 31
8 0 6 8 17 19 23 25 31
8 6 8 10 12 17 19 21 23
8 0 6 12 14 21 23 25 31
8 6 8 10 14 17 19 25 31
8 0 6 12 14 19 23 25 31
8 0 10 12 14 17 19 25 31
8 6 8 10 12 21 23 25 31
8 0 6 10 12 14 23 25 31
8 0 6 12 17 19 21 23 31
8 0 6 8 12 14 21 23 25
8 0 6 8 12 17 19 23 31
8 0 6 10 12 14 21 23 25
8 0 10 12 14 19 21 23 25
8 0 6 10 12 14 21 23 25
8 0 10 12 14 19 21 23 31
8 0 10 12 14 19 21 23 31
8 0 8 10 12 17 19 21 31
8 0 8 10 12 17 19 21 31
8 6 10 14 19 21 23 25 31
8 0 6 8 12 17 21 25 31
8 0 10 12 14 17 23 25 31
8 0 6 12 14 17 19 21 31
8 0 6 8 12 17 21 23 31
8 0 6 10 17 21 23 25 31
8 6 8 10 14 17 23 25 31
8 6 8 17 19 21 23 25 31
8 6 8 14 17 19 23 25 31
8 0 6 12 14 19 21 23 25
8 0 6 12 17 19 21 25 31
8 6 8 10 12 19 21 23 25
8 0 6 14 17 19 23 25 31
8 0 6 17 19 21 23 25 31
8 0 8 10 12 19 21 23 31
8 6 8 12 14 17 19 23 25
8 6 8 12 17 19 21 25 31
8 6 8 12 14 17 21 23 25
8 6 8 10 12 17 19 23 25
8 0 6 10 14 19 21 25 31
8 0 8 10 12 14 17 23 31
8 6 8 10 17 19 21 25 31
8 0 8 12 14 21 23 25 31
8 0 8 10 12 17 19 21 25
8 0 12 14 19 21 23 25 31
8 0 8 10 12 14 19 21 23
8 0 8 10 12 17 19 21 23
8 0 8 10 12 17 23 25 31
8 0 8 10 12 19 21 23 31
8 0 8 10 12 14 23 25 31
8 0 8 10 12 17 19 25 31
8 0 8 14 19 21 23 25 31
