10 8 10 12 14 17 19 21 23 25 31
10 0 6 10 12 14 17 21 23 25 31
10 0 6 8 10 12 14 21 23 25 31
10 0 6 8 10 12 14 17 19 25 31
10 0 6 8 14 17 19 21 23 25 31
10 0 6 8 10 12 17 19 21 23 31
10 0 6 8 10 12 14 17 19 21 25
10 6 10 12 14 17 19 21 23 25 31
10 0 6 8 10 12 14 19 21 23 25
10 0 8 10 12 14 17 19 21 23 31
10 0 6 8 10 17 19 21 23 25 31
10 0 6 8 12 14 17 19 23 25 31
10 6 8 12 14 17 19 21 23 25 31
10 6 8 10 14 17 19 21 23 25 31
10 0 10 12 14 17 19 21 23 25 31
10 0 8 10 12 17 19 21 23 25 31
10 0 6 8 10 12 14 19 21 23 31
10 0 6 8 12 14 17 21 23 25 31
10 0 6 8 10 14 17 19 23 25 31
10 0 6 8 10 12 17 19 21 25 31
10 0 6 10 12 14 19 21 23 25 31
10 0 6 8 10 12 14 17 23 25 31
10 0 6 8 10 12 14 17 19 21 31
10 0 6 8 10 12 14 17 19 21 23
10 0 6 8 10 12 14 17 21 23 25
10 0 6 12 14 17 19 21 23 25 31
10 0 6 8 10 14 17 19 21 25 31
10 0 8 10 12 14 19 21 23 25 31
10 6 8 10 12 17 19 21 23 25 31
10 0 6 8 10 12 14 17 19 23 25
